1.660756101080529490e+01 -8.766162555122271327e-02 -5.231212906118712702e+00 -3.037396646955507862e+01 -3.036694356584111532e+01 -1.845922987171251961e+01 -6.849197028538562826e+00 -1.088404409620414093e+01 -1.812223182606807725e+01 -2.083657283236858504e+01 -1.411805549479483091e+01 -8.468969003124025008e+00 -7.289789466326575429e+00
1.601723338469626157e+01 2.845001931059763933e+01 -1.290676027517437774e+01 -2.782860781883331214e+01 -1.706770209673867811e+01 -1.178249105164710997e+01 -7.399244112605038559e+00 6.224319655271572937e-01 -4.352705151692575214e+00 -1.995390647878005197e+01 -1.437664838583564908e+01 3.366854267555374314e+00 1.443328860807710612e+00
1.560522695469049914e+01 2.457970661715946292e+01 -1.406515105572705515e+01 -3.099964414250397482e+01 -2.483772438525930681e+01 -2.061657509101664587e+01 -1.522962468054723750e+01 -6.069468818919427022e+00 -8.284349005978862479e+00 -2.119045143720103397e+01 -1.462027493771924114e+01 4.209815323219491034e+00 1.923770605446343485e+00
1.850305976722013312e+01 2.759562042857954722e+01 -5.278783075882667930e+01 3.659530141193064079e+00 -1.056264149378077022e+01 -3.355409765272719280e+00 -2.159955379737505510e+00 -2.421452445130773867e+01 -5.271709543547638432e+00 -1.103992771233308012e+01 -7.783586963110328050e+00 7.146900640572123820e+00 1.320835338088261857e+01
1.782908894388086907e+01 2.476441403493029014e+01 -3.843536294685853960e+01 -1.974956885323258149e+01 1.601169798845308634e+00 1.597028745320032472e+00 -7.164823722721360255e+00 -2.098953146596042529e+01 1.600321967341439000e-01 -4.017042213936899309e+00 -1.627977650574937130e+01 6.991752916453310540e+00 1.358339555582151092e+01
1.640068837224479026e+01 3.068489508371461127e+01 -4.181945637587961784e+01 -1.571748660597945424e+01 -1.215161912464177618e+01 -1.698480090905695050e+01 2.687141025804982153e+00 -2.202708175394245771e+01 -1.316536093302820021e+01 4.963936376674833451e-01 -1.574500676872526483e+01 3.145793699500343266e+00 1.706068225020464979e+01
1.878797198239212562e+01 2.481337983367329869e+01 -5.378112208357363500e+01 1.086597652995078178e+01 -1.002409174303939743e+01 7.980991401411370312e-01 -9.189778888311252558e+00 -2.571499474457155188e+01 -4.153471764668251964e+00 -1.523866417451746003e+01 2.898814997371294666e+00 1.729617366571688208e+01 1.467058200248390598e+01
1.790539200278670862e+01 1.821112216443429688e+01 -4.177632820809149194e+01 -1.511094991004820542e+01 6.007755870452896829e+00 -1.872001854310479940e+00 -1.204505595300599907e+01 -1.814390599965680195e+01 -5.883794021752609460e+00 -1.761482932879723151e+01 -8.512769651019169714e+00 1.907435425897016401e+01 1.755835445957606922e+01
1.645364889917609474e+01 1.918419624736681328e+01 -3.704014312720382662e+01 -1.688309446872055730e+01 -6.196404947136451291e+00 -9.441820417940768095e+00 -5.854457784890117367e+00 -2.014548442428286279e+01 -1.218073009499191706e+01 -1.623952540042708037e+01 -1.477338906461961621e+01 1.758135307772090883e+01 2.217175989038911155e+01
1.570468397122007076e+01 2.426654925785108219e+01 -4.050746977525943038e+01 -1.112592137211518839e+01 8.449578190464779315e-02 -1.916429383665113306e+01 -1.809490793174991552e+01 -1.433342153012275766e+01 -3.184751171779387935e+00 -2.673910133396976718e+01 -1.515627495419250259e+01 2.198393748354326505e+01 1.118779677001891670e+01
1.537009482353621337e+01 2.018467452673912277e+01 -3.647528513721576360e+01 -1.852716876020767245e+01 4.420530152916562372e+00 -1.286827946874924322e+01 -3.105283491049675604e+01 -2.553399468211277679e+01 4.269074498838066889e-01 -1.076469015087687708e+01 -1.403385124745469348e+01 1.806011559746303163e+01 1.454311694260424659e+01
1.475390284478523917e+01 2.510678602778246216e+01 -3.306233909883418676e+01 -2.394321431554707402e+01 6.315873631771373731e+00 -7.516767482224221197e+00 -3.281654450090919539e+01 -3.546825989213372310e+01 -6.507934940598546270e+00 -1.469604997473893615e+00 -9.906180301396076970e+00 6.257329998438860841e+00 1.695047560597955183e+01
1.821928449986421228e+01 1.870963143696799946e+01 -5.132921781204860423e+01 2.554219411014283381e+01 -2.648304564192882538e+01 -7.904558920946101352e+00 -5.530500604873898496e+00 8.496870871531085001e+00 7.955097517785107541e+00 -1.042144570562733286e+01 -1.580925437015978208e+00 -1.474518772996081528e-01 1.133602627600033763e+01
1.761548537621361987e+01 2.405157186983892714e+01 -4.696907387247389920e+01 -9.648640777934732071e+00 -1.078701151118358403e+01 -3.097004157190973217e+01 -1.397447597518770301e+01 3.012519083300443601e+00 1.334062966460330735e+01 -1.834067709681514780e+00 -1.618526006918135351e+01 5.649977167685461765e+00 3.945619540786780277e+01
1.666566661325550669e+01 1.751323118448309302e+01 -3.854364773107318598e+01 -1.769905162751236816e+01 -8.160002480101088196e+00 -2.357950851690771188e+01 -6.486639577214424079e+00 2.408139427853109193e+00 1.471288968716878998e+01 1.255318263950172408e+01 -2.238115918777777935e+01 -2.347459751373667025e+00 4.708284104865889930e+01
1.779572060156541369e+01 1.989706270005965294e+01 -4.575941110388422572e+01 -1.381359165135413747e+01 -7.848464306941482782e+00 -1.963705588592351958e+01 5.436945130214396293e+00 -1.007929765739111794e+01 -1.512429445785625104e+00 1.675532079209265746e+01 -6.665026579712167276e+00 1.093339877823673145e+00 1.367797331869246591e+01
1.649790740442279713e+01 2.906810081204040230e+01 -4.357187070895906089e+01 -1.488672231744902952e+01 -2.559313338657757786e+00 -1.749981681453567006e+01 1.051887825457383308e+01 -1.701684014654608168e+00 -1.194144492615554221e+01 1.042551172028973383e+01 8.488242410543350047e+00 5.443700309996701847e+00 9.484389682994223136e+00
1.552582293125299451e+01 2.083615762686184780e+01 -3.570271348646789278e+01 -2.314859009042869786e+01 -1.112014987623437001e+01 -8.948505278705724209e+00 7.367951704718492145e+00 -1.320819310615467934e+01 -4.353183078261289474e+00 2.591419480079999715e+01 5.210093573004509482e-01 -3.180114054747622099e+00 2.334273810970005414e+01
1.495777361593329324e+01 1.915839012566906518e+01 -3.580533988224393482e+01 -3.175859722241276728e+01 -1.445046498664226853e+01 -8.205287219699911816e+00 2.432460306216623458e+00 -1.131745411961668246e+01 -1.368078881214524145e+00 1.982843129744345134e+01 3.919386573222802372e+00 1.026475089908475269e+01 2.875378475604995643e+01
1.441534700294263160e+01 2.957110878383593544e+01 -3.507453161145019038e+01 -2.771001113644099334e+01 -6.581752109006343332e+00 -9.411760958427041857e+00 1.064015728436234021e+01 -1.619587529461260189e+01 -1.767819723202711657e+01 1.970655102758334820e+01 8.859140867594655688e+00 -1.803009511576557644e+00 2.532872583708002878e+01
1.380338401382655178e+01 2.487637464587375291e+01 -2.688951121818101697e+01 -3.542146832032665316e+01 -1.871115330015749123e+01 -1.236810990547472144e+01 -3.092335313839822408e+00 -1.204015010226739690e+01 -1.054309433525304707e+00 1.516031850852987084e+01 3.600362051125976848e+00 3.252480734690070818e+00 2.949837189555058004e+01
1.316753396642075025e+01 2.138286469658752864e+01 -1.944465564492182352e+01 -2.806712357894542009e+01 -2.606732884954339013e+01 -1.595655410160128085e+01 4.378042854413596530e+00 -1.073887218134710864e+01 -1.126171452677499474e+01 1.731769598654916464e+01 1.419952276218789855e+01 5.177318066872983238e+00 1.949316501675648183e+01
1.253316216337917233e+01 1.848468349594478610e+01 -2.328004682039955853e+01 -3.941971543700597636e+01 -2.355335054582767995e+01 -1.676731954840205319e+01 -1.627075595907822603e+01 -1.921292739781402759e+01 -3.740180711878952291e+00 1.580007733546323934e+01 1.236164504076127635e+01 7.843377597739650042e+00 1.540136827456860402e+01
1.204268896534905409e+01 1.708484191427418253e+01 -1.996120548368923409e+01 -3.812013493307775036e+01 -2.836984746507740240e+01 -2.280206513245740396e+01 -1.627246275927708652e+01 -1.690460738266180485e+01 -1.858814772862737330e+00 9.001339926083213427e+00 7.585923935735387147e+00 6.346705124168661172e+00 2.175577700431520967e+01
1.878978639945594153e+01 1.534057778633578906e+01 -5.194518122910461244e+01 -8.140874823539959171e-02 -1.629864062769437183e+01 -1.700381545189139842e+01 8.906707641007649556e+00 -1.602192676513840652e+01 3.340845364723654232e+00 1.516816238539687056e+01 -6.051998499821534594e+00 1.031958795393623785e+00 1.125208854712682260e+01
1.739160813603921696e+01 3.049442797574261732e+01 -5.698071397579344932e+01 6.078131522216042804e+00 -1.815050348997901253e+01 -1.234397163948670162e+01 1.473442468581578346e+01 -9.028249443625545823e+00 -5.273552631241127386e+00 5.554780133542959852e+00 1.192175336133363572e+01 2.002425409623587171e+00 1.119720790660573684e+01
1.644282982310020458e+01 1.277767926489118189e+01 -3.855126556006958083e+01 -1.843062435459068737e+01 -1.380955789087479424e+01 -1.108570234844224878e+01 9.125142053132050179e+00 -1.721965185582798696e+01 -3.916507679692521560e+00 2.531074847792744009e+01 -1.395488350656165055e+00 -2.823305754592244088e-01 2.296084522622426149e+01
1.585176068019909046e+01 1.408145297349048342e+01 -4.205315324433255597e+01 -2.596331186302797533e+01 -1.819693989342057350e+01 -1.269411026132468656e+01 8.274388182988142049e+00 -1.460218247729892838e+01 -3.241630514876185920e+00 2.474356943154105792e+01 1.635232378039272128e+00 1.137954202115321323e+01 3.364988327200432394e+01
1.529660746713055453e+01 3.040979524310738213e+01 -4.470954293283398329e+01 -1.556241854313914885e+01 -7.698812104349931573e+00 -1.667153105582847772e+01 2.285690959774460751e+01 -2.506962438160714512e+01 -1.561331047101154823e+01 2.190487572431668539e+01 2.961016809073580891e+00 2.870056285445240718e+00 2.306778749171839138e+01
1.463431553363302129e+01 2.014964973960357852e+01 -3.478155452631715150e+01 -3.153952352849019292e+01 -2.154730962911395409e+01 -2.093673041943918278e+01 -4.926182729229305890e-02 -1.369073898158003999e+01 -4.479268501663222324e+00 1.958875034726422015e+01 1.254564877828036495e+00 2.253234934180844640e+00 3.128690683738343026e+01
1.396469007392387063e+01 1.521252234479086241e+01 -2.645953385687242942e+01 -2.535202655233237223e+01 -2.951790996477831186e+01 -2.389422244942497642e+01 6.206011059091339099e+00 -1.289433884301264222e+01 -1.587282267381140954e+01 1.942089857767744476e+01 1.299779755591940500e+01 4.628085524183428667e+00 2.207998214379602686e+01
1.333371762941646921e+01 2.006744114359618791e+01 -2.618189677828835826e+01 -3.190804775208542310e+01 -1.864040879167201936e+01 -1.778540529898050693e+01 -9.886885534338679449e+00 -1.752009653648063292e+01 -2.841818680541508879e+00 2.048517700160810406e+01 1.194300825828803170e+01 4.432401184473656386e+00 2.082983053175617627e+01
1.279969221297080573e+01 1.846551930370641514e+01 -2.082577273050544875e+01 -3.069297779035230178e+01 -2.205759984536354068e+01 -2.138850527987302641e+01 -9.045741724139427120e+00 -1.341625984823066986e+01 -2.692760910029735832e+00 1.711979047231292483e+01 5.156536262741608034e+00 6.385358669999182446e+00 2.806624262912882628e+01
1.222585528869754512e+01 2.156400732438177670e+01 -1.448769968609001602e+01 -2.848859956732950138e+01 -2.250142133088873919e+01 -2.701616001918863574e+01 2.643062190685151691e+00 6.688619963030716375e-01 -1.865272956099410351e+00 1.106374987241543550e+01 -2.041301823590825126e+00 8.103464958157623244e+00 3.362362339574143277e+01
1.018134632739589662e+01 1.384002605551145137e+01 -1.206186097510923894e+01 -3.197347749490833380e+01 -2.203800808029915004e+01 -2.474163954473962335e+01 -5.410986292590937552e+00 2.586020911364233399e+00 4.703955362803224460e+00 -3.156860928449033210e+00 -6.057627766496662680e+00 1.722360918117419004e+01 3.746706983190289009e+01
8.020171251961679459e+00 7.208710065165381486e+00 -6.571380227302733523e+00 -3.942464007042831042e+01 -1.540333524870644588e+01 -1.373611252928777304e+01 -1.294314417885801838e+01 -1.224741777793863395e+00 4.508189394771855874e+00 1.922191910144106286e+00 6.735302924708609140e+00 1.785249922414777402e+01 2.373198455292007125e+01
6.012574353442317943e+00 -5.443591508550062130e+00 -1.163912700339254869e+00 -3.521971148175056499e+01 -2.135725950043520527e+01 -1.353338809896983719e+01 -1.071243073218640696e+01 -1.532667160449060972e+01 -2.410288865758488441e+00 1.713640961510245830e+01 1.965165162962582457e+01 1.747126676686524860e+01 2.134446244560030337e+01
4.995880785287453385e+00 -1.490654564872917121e+01 3.904788679534882068e+00 -2.684420068159963435e+01 -2.372527498507083266e+01 -1.840618058215734010e+01 -1.588871707951119028e+01 -1.706077761192260667e+01 -1.519345524537460967e-01 2.305686923917929576e+01 2.859427510540326267e+01 1.825915475228462270e+01 1.059611947252387587e+01
4.143051450419417137e+00 -1.982053001001630221e+01 -2.235574169163989655e+00 -1.423280880032213958e+01 -2.000596029619240213e+01 -1.127434256370882615e+01 -1.257377984128510384e+01 -8.906865256857752655e+00 1.223514744512425523e+01 8.028562714059550132e+00 2.312678220857847933e+01 3.084329623843914447e+01 1.662863481714241232e+01
3.330849562846122325e+00 -2.315943323256688657e+01 -9.651785992188068874e+00 -1.012365744327622963e+01 -9.112607465613367097e+00 -1.896208531718535539e+01 -1.085034029739499495e+01 9.703969847724795983e+00 8.085785560463181199e+00 8.291192961512852122e+00 2.526713691998147837e+01 2.446936745009134029e+01 2.252621547835461158e+01
2.907407178108029289e+00 -2.081262020143170588e+01 -6.277535774984411177e+00 -7.401329081848197156e+00 -6.239645054662372736e+00 -9.748966171777770029e+00 -7.892431864925047336e+00 -4.756460746820536656e+00 7.910448510098555097e+00 2.086997205995873372e+01 2.470346414457242190e+01 1.868517665277263262e+01 1.798189435416547255e+01
2.901602602344056425e+00 -2.260108973538023847e+01 -7.774279718332671507e+00 -6.143036317734900109e+00 -4.213270415599416729e+00 -1.284628951941691888e+01 -1.515539417816536272e+01 -9.016256449282742835e+00 8.232496673718710412e+00 2.267790623231100611e+01 2.987644901472039649e+01 2.565195215846379995e+01 1.520002322393938954e+01
1.489615553873619991e+00 -1.403888946038412833e+01 -9.116417550419356752e-01 -4.015526593588316651e+00 -3.688656006577732960e+00 -9.681080826322618904e+00 -1.164049895823006686e+01 -1.220349658459476849e+01 -4.729918332590867358e+00 5.194411253829474440e+00 1.352013732136398261e+01 1.127370332748203552e+01 2.089504357349090569e+00
-3.604365338911715355e+01 0.000000000000000000e+00 -3.207631722481915547e-14 0.000000000000000000e+00 2.392679895532167191e-13 0.000000000000000000e+00 -2.059301670267279085e-13 0.000000000000000000e+00 3.072791695244254868e-13 0.000000000000000000e+00 -3.277697551616779395e-13 0.000000000000000000e+00 3.594848034474519512e-13
-3.604365338911715355e+01 0.000000000000000000e+00 -3.207631722481915547e-14 0.000000000000000000e+00 2.392679895532167191e-13 0.000000000000000000e+00 -2.059301670267279085e-13 0.000000000000000000e+00 3.072791695244254868e-13 0.000000000000000000e+00 -3.277697551616779395e-13 0.000000000000000000e+00 3.594848034474519512e-13
-3.604365338911715355e+01 0.000000000000000000e+00 -3.207631722481915547e-14 0.000000000000000000e+00 2.392679895532167191e-13 0.000000000000000000e+00 -2.059301670267279085e-13 0.000000000000000000e+00 3.072791695244254868e-13 0.000000000000000000e+00 -3.277697551616779395e-13 0.000000000000000000e+00 3.594848034474519512e-13
-3.604365338911715355e+01 0.000000000000000000e+00 -3.207631722481915547e-14 0.000000000000000000e+00 2.392679895532167191e-13 0.000000000000000000e+00 -2.059301670267279085e-13 0.000000000000000000e+00 3.072791695244254868e-13 0.000000000000000000e+00 -3.277697551616779395e-13 0.000000000000000000e+00 3.594848034474519512e-13
-3.604365338911715355e+01 0.000000000000000000e+00 -3.207631722481915547e-14 0.000000000000000000e+00 2.392679895532167191e-13 0.000000000000000000e+00 -2.059301670267279085e-13 0.000000000000000000e+00 3.072791695244254868e-13 0.000000000000000000e+00 -3.277697551616779395e-13 0.000000000000000000e+00 3.594848034474519512e-13
-3.604365338911715355e+01 0.000000000000000000e+00 -3.207631722481915547e-14 0.000000000000000000e+00 2.392679895532167191e-13 0.000000000000000000e+00 -2.059301670267279085e-13 0.000000000000000000e+00 3.072791695244254868e-13 0.000000000000000000e+00 -3.277697551616779395e-13 0.000000000000000000e+00 3.594848034474519512e-13
-3.604365338911715355e+01 0.000000000000000000e+00 -3.207631722481915547e-14 0.000000000000000000e+00 2.392679895532167191e-13 0.000000000000000000e+00 -2.059301670267279085e-13 0.000000000000000000e+00 3.072791695244254868e-13 0.000000000000000000e+00 -3.277697551616779395e-13 0.000000000000000000e+00 3.594848034474519512e-13
-3.604365338911715355e+01 0.000000000000000000e+00 -3.207631722481915547e-14 0.000000000000000000e+00 2.392679895532167191e-13 0.000000000000000000e+00 -2.059301670267279085e-13 0.000000000000000000e+00 3.072791695244254868e-13 0.000000000000000000e+00 -3.277697551616779395e-13 0.000000000000000000e+00 3.594848034474519512e-13
-3.604365338911715355e+01 0.000000000000000000e+00 -3.207631722481915547e-14 0.000000000000000000e+00 2.392679895532167191e-13 0.000000000000000000e+00 -2.059301670267279085e-13 0.000000000000000000e+00 3.072791695244254868e-13 0.000000000000000000e+00 -3.277697551616779395e-13 0.000000000000000000e+00 3.594848034474519512e-13
-3.604365338911715355e+01 0.000000000000000000e+00 -3.207631722481915547e-14 0.000000000000000000e+00 2.392679895532167191e-13 0.000000000000000000e+00 -2.059301670267279085e-13 0.000000000000000000e+00 3.072791695244254868e-13 0.000000000000000000e+00 -3.277697551616779395e-13 0.000000000000000000e+00 3.594848034474519512e-13
-3.604365338911715355e+01 0.000000000000000000e+00 -3.207631722481915547e-14 0.000000000000000000e+00 2.392679895532167191e-13 0.000000000000000000e+00 -2.059301670267279085e-13 0.000000000000000000e+00 3.072791695244254868e-13 0.000000000000000000e+00 -3.277697551616779395e-13 0.000000000000000000e+00 3.594848034474519512e-13
-3.604365338911715355e+01 0.000000000000000000e+00 -3.207631722481915547e-14 0.000000000000000000e+00 2.392679895532167191e-13 0.000000000000000000e+00 -2.059301670267279085e-13 0.000000000000000000e+00 3.072791695244254868e-13 0.000000000000000000e+00 -3.277697551616779395e-13 0.000000000000000000e+00 3.594848034474519512e-13
-3.604365338911715355e+01 0.000000000000000000e+00 -3.207631722481915547e-14 0.000000000000000000e+00 2.392679895532167191e-13 0.000000000000000000e+00 -2.059301670267279085e-13 0.000000000000000000e+00 3.072791695244254868e-13 0.000000000000000000e+00 -3.277697551616779395e-13 0.000000000000000000e+00 3.594848034474519512e-13
-3.604365338911715355e+01 0.000000000000000000e+00 -3.207631722481915547e-14 0.000000000000000000e+00 2.392679895532167191e-13 0.000000000000000000e+00 -2.059301670267279085e-13 0.000000000000000000e+00 3.072791695244254868e-13 0.000000000000000000e+00 -3.277697551616779395e-13 0.000000000000000000e+00 3.594848034474519512e-13
-3.604365338911715355e+01 0.000000000000000000e+00 -3.207631722481915547e-14 0.000000000000000000e+00 2.392679895532167191e-13 0.000000000000000000e+00 -2.059301670267279085e-13 0.000000000000000000e+00 3.072791695244254868e-13 0.000000000000000000e+00 -3.277697551616779395e-13 0.000000000000000000e+00 3.594848034474519512e-13
-3.604365338911715355e+01 0.000000000000000000e+00 -3.207631722481915547e-14 0.000000000000000000e+00 2.392679895532167191e-13 0.000000000000000000e+00 -2.059301670267279085e-13 0.000000000000000000e+00 3.072791695244254868e-13 0.000000000000000000e+00 -3.277697551616779395e-13 0.000000000000000000e+00 3.594848034474519512e-13
-3.604365338911715355e+01 0.000000000000000000e+00 -3.207631722481915547e-14 0.000000000000000000e+00 2.392679895532167191e-13 0.000000000000000000e+00 -2.059301670267279085e-13 0.000000000000000000e+00 3.072791695244254868e-13 0.000000000000000000e+00 -3.277697551616779395e-13 0.000000000000000000e+00 3.594848034474519512e-13
1.879698744457655479e+01 3.951175986926404704e+01 -4.904774808578882528e+01 4.211814929498465254e+00 -1.990804273844116068e+01 -1.271542342719360974e+01 8.033319851566629310e+00 1.085148079547266775e+01 -8.611526109203488488e+00 -5.185995827206564268e-01 -3.068375718609011926e+00 -9.671691172619420129e+00 1.028477334863811343e+01
1.840967606263354028e+01 3.660341097606704608e+01 -3.989025364414790431e+01 -1.895035375002165878e+01 -4.938786929512748003e+00 -2.123072927821411326e+01 -1.431022697259016319e+00 -1.654877879329508250e+00 -6.450543247590746709e+00 -7.354854785939634709e+00 -2.226138174639725165e+01 -8.732181805884435377e+00 8.416111937720190284e+00
1.775488479216160798e+01 3.737793505109642211e+01 -3.270696162753135638e+01 -2.568970421651124880e+01 -7.768256008270279622e+00 -1.996926131006173222e+01 -7.120163981085992688e+00 -2.796722076302282645e+00 -1.241368970889210566e+01 -1.479172306997635467e+01 -1.789236016464155909e+01 -7.707964664283812439e+00 8.146781715791963308e+00
1.721328943555056767e+01 3.200206520596414350e+01 -1.824845304748274799e+01 -3.090002726328902938e+01 -1.689202214168368954e+01 -1.104386842968090576e+01 -4.259876280263116932e+00 -3.205992965819739915e+00 -1.064887589036203508e+01 -1.759916845833015486e+01 -1.193065311514589588e+01 -1.069933509175436948e+00 -2.946394076411255281e+00
1.681601878234794967e+01 2.781591628006367500e+01 -1.732437149615208583e+01 -2.799993817554337383e+01 -1.276732559031482950e+01 -1.214291063759598366e+01 -9.819991555893277990e+00 1.966164708660515625e+00 -2.842106618194626844e+00 -2.016755814007913017e+01 -1.545046091320863901e+01 2.545262700084966134e+00 2.114892943626850208e+00
1.639475915113912308e+01 2.744882738028140068e+01 -1.626897835044471208e+01 -2.844109818876183482e+01 -1.708673457980774302e+01 -1.757638603757420270e+01 -1.400534131014373429e+01 -8.511405675470119503e-01 -2.927120809641689636e+00 -1.832697295137270643e+01 -1.423527982949261350e+01 6.109416738032384053e+00 7.076764148057644199e+00
1.837095032735746969e+01 2.739276050639854887e+01 -4.975902532417712365e+01 -5.886757584399709975e-01 -8.637453853191123798e+00 -7.989873406982359150e+00 -1.910444731046500699e+00 -2.426929622385193142e+01 -3.796806204427222831e+00 -7.278838808671782346e+00 -6.664528488527349026e+00 8.204425662185684587e+00 1.098127213412550596e+01
1.767035258190282221e+01 2.646686558528616828e+01 -3.866507153018140031e+01 -2.010133708402673491e+01 9.235410425060952555e-01 -9.631721018053941707e-02 -8.289650026367267444e+00 -2.094320000494826317e+01 1.176126440359481551e+00 -2.481351901147524242e+00 -1.478095462092892731e+01 7.600229020308634453e+00 1.276766730276391115e+01
1.623774501666716219e+01 3.139006322050292397e+01 -4.207720771930063819e+01 -1.671285886076020688e+01 -1.253187199384073836e+01 -1.836708677091635167e+01 1.939801701533240497e+00 -2.211445184198434077e+01 -1.309906228811694184e+01 1.607008011784020418e+00 -1.487818353099560476e+01 3.808796194032358251e+00 1.691278647473378527e+01
1.778992776075841320e+01 3.694126854659538850e+01 -5.385432482917396158e+01 1.975581720260366936e+00 2.775954829966432169e-01 -7.366669888833050628e+00 -4.931675858413184343e+00 -2.664945527861971186e+01 -5.373497460133239478e+00 -1.294100285928415950e+01 -1.463967368890211507e+00 2.003571786111651321e+01 1.286638601385530833e+01
1.688079077088564972e+01 2.436394924757519931e+01 -3.816919214439204211e+01 -2.373766877502708894e+01 9.033879877221917098e+00 -3.322387770728450374e+00 -1.585301651991123961e+01 -1.365918130598582891e+01 -8.408546443768567968e+00 -1.355594060206866303e+01 -4.440615978918580176e+00 1.828068592188947861e+01 2.172883682118482440e+01
1.554537692019462369e+01 2.650501618161049322e+01 -3.520570704910329596e+01 -2.515547948144370594e+01 -3.338522109766460133e+00 -1.032158669182759247e+01 -9.960323438628785553e+00 -1.676093949560890906e+01 -1.537955762356739520e+01 -1.524004474613309235e+01 -1.204603685698927862e+01 1.482025468297430315e+01 2.534295919262270047e+01
1.471185827917299171e+01 2.615897849112108631e+01 -3.238716501135982639e+01 -2.197851419056548750e+01 3.129363493058508805e+00 -1.800045796160744160e+01 -2.433033105534642360e+01 -7.854717713816219415e+00 -8.411950827809791420e+00 -2.604320864682195236e+01 -1.009650925188448056e+01 1.696550447069639489e+01 1.459081780494101999e+01
1.430956399671327617e+01 2.848408771885508628e+01 -3.554646495960096075e+01 -2.527741240151535607e+01 7.210551186334761553e+00 -1.417612275342914252e+01 -3.294796561074502250e+01 -2.338793931395627013e+01 -1.710423328744007154e+00 -1.171460974055228732e+01 -1.125310819336652557e+01 1.536237975947376455e+01 1.652760275379518617e+01
1.379267160927807723e+01 3.209249025759914531e+01 -3.096924480032138050e+01 -3.089781217536420499e+01 8.391650727111386487e+00 -7.451574982277304748e+00 -3.542810714161993957e+01 -3.482142138201444226e+01 -5.865726031988520717e+00 -3.112819671246230158e+00 -8.555164794802806227e+00 6.718243015383272621e+00 1.612674651467369102e+01
1.334517045844054017e+01 3.541215349374103738e+01 -3.198500285724793102e+01 -3.865623752049873474e+01 1.128345956057505894e+01 -1.855724460932939124e+01 -2.858643724206198655e+01 -2.513707017647735853e+01 -2.287156280167997480e+01 -1.036983912278757280e+01 1.390179087168009531e+00 1.129791442333820761e+01 1.049582438183452382e+01
1.304316501278951357e+01 3.125583080248583556e+01 -2.775467030021764359e+01 -3.440185629098689191e+01 6.951292861320863103e+00 -7.867752104285208326e+00 -2.816339593301385591e+01 -2.143622042193878841e+01 -1.010341858676550686e+01 -1.947417786498477810e+01 -1.012152789333275038e+01 1.393958574851410681e+01 2.169504069965962856e+01
1.250731431374700087e+01 3.147943072691691668e+01 -1.889675588766401404e+01 -3.144930232078528931e+01 1.961588620205821920e+00 -1.483195461208397070e+01 -2.357591249401313149e+01 -9.976485978444893377e+00 -1.494073921079309386e+01 -2.327352477670140019e+01 -6.519550522211973842e+00 1.402689472798192583e+01 2.089119900923060413e+01
1.880917330970030221e+01 2.510649220661733594e+01 -5.509877972476061103e+01 1.112881378766092588e+01 -1.176995432484121373e+01 1.273593417943999162e+00 -9.405978174527827917e+00 -2.474972688582468905e+01 -3.715853212575227271e+00 -1.428777623082187809e+01 4.243829213372277920e+00 1.789935926800648502e+01 1.599273529850694509e+01
1.791125808446745182e+01 1.751000368023625597e+01 -4.145510847775199892e+01 -1.584194817834201885e+01 5.985213644571862446e+00 -1.794056071355592419e+00 -1.224833198453849015e+01 -1.782340028581164049e+01 -6.004378056388295803e+00 -1.774133753145670411e+01 -8.640696475465814430e+00 1.901347086964232602e+01 1.834707442564408453e+01
1.646108535837860032e+01 1.925821348996506543e+01 -3.717169774251197367e+01 -1.701228647462213672e+01 -6.485665852541774079e+00 -9.979878804333173647e+00 -6.274093505041112628e+00 -2.053768256833314609e+01 -1.252967519321187773e+01 -1.637670091229342617e+01 -1.479945703236230869e+01 1.780988914436210990e+01 2.197912893930321943e+01
1.773774616036061502e+01 2.474031267329019457e+01 -5.092750928410716682e+01 2.060076691052728037e+01 -1.597930584623214756e+01 -2.177359967628692416e+01 -2.785982989038111146e+00 -8.158473162239340937e+00 9.932726854527818006e+00 -1.097513495148737661e+01 -9.684488400689387433e+00 -3.304612152900277877e+00 2.449569514492698996e+00
1.726451306414126918e+01 1.799885355183893410e+01 -3.393992964634030329e+01 -1.551772359121387090e+01 -5.274944429426022374e+00 -3.145286359511238672e+01 -2.172310213365195963e+01 4.237380038616269218e+00 1.582948148384737586e+01 5.700442491047071236e+00 -1.563073492364033612e+01 -4.990662292549047585e+00 2.458696624236688422e+01
1.640962729940562070e+01 2.107792434059428643e+01 -3.736420507520103484e+01 -1.659941127380680825e+01 -5.596593922990943604e+00 -2.534431250652284362e+01 -1.312248753684144909e+01 -5.453369413042144842e+00 1.024605196483429914e+01 1.905455642954931861e+01 -1.851848774718282087e+01 -2.112972403284532774e+01 2.054013550777800745e+01
1.864137412945244421e+01 2.675333880856755897e+01 -5.580969124309064711e+01 9.693084179460550232e+00 -1.229852870601782122e+01 -9.848560000304867890e-02 -6.623131208922484525e+00 -2.263979421497909428e+01 -1.073698451441536639e+00 -1.506314410406930726e+01 1.236413619741087544e+00 1.512013973937405709e+01 1.550149633353952972e+01
1.772483932212293567e+01 1.721841133483007269e+01 -4.164559975828512250e+01 -1.686944767746047091e+01 6.266516518969996952e+00 -1.943646608020905164e+00 -1.208088224773938357e+01 -1.701087562077412585e+01 -6.474789816287638722e+00 -1.678309817128706172e+01 -8.055846395829178164e+00 1.925573421187650425e+01 1.959991416750770910e+01
1.627810525360062854e+01 1.969274277407159701e+01 -3.812038327106768776e+01 -1.779278410629087759e+01 -6.770553076291624173e+00 -1.060883937310792646e+01 -6.044456470222345779e+00 -2.019017843801056600e+01 -1.255024416792935682e+01 -1.576960040466261681e+01 -1.467905805599179914e+01 1.755932976570693427e+01 2.251119433842885442e+01
1.710243737299668965e+01 3.509524962851614305e+01 -5.551186375731341371e+01 2.052422418003108007e+01 -1.503154582985410137e+01 -2.208672988439185403e+01 -2.060543629809580057e+00 -9.618258584107994835e+00 1.071051856529868829e+01 -1.156353916377376301e+01 -1.016184993426040251e+01 -2.507718726792056430e+00 2.396375785480777232e+00
1.682896277442081256e+01 1.889910230588828455e+01 -2.908595704674346294e+01 -1.908881337349559715e+01 -5.851948934628492083e+00 -2.699713088041109899e+01 -2.448316083994389203e+01 3.443572617472816066e+00 1.791458028687048554e+01 2.986802892439700763e+00 -1.627167638459161125e+01 -3.175617254874135043e+00 2.204788683196017018e+01
1.596973496613514776e+01 2.388019800783827051e+01 -3.247123558047088210e+01 -1.951629431124381853e+01 -4.479269933834663320e+00 -2.104150765774053511e+01 -1.521871507476473973e+01 -4.516005983639606924e+00 1.262237926195656179e+01 1.644425169299458389e+01 -1.876071224994830544e+01 -1.920051224473336049e+01 1.850631126420455175e+01
1.454488107895191540e+01 2.696268523077678481e+01 -3.041926388354021427e+01 -2.448771330372257182e+01 -1.016255466669231211e+01 -2.505147373457437610e+01 -8.628393893384158631e+00 -4.320889876209125235e-01 2.754562936033613685e+00 7.152464657651345092e+00 -1.392577811521998399e+01 -5.604188849610740597e+00 3.064408902769472931e+01
1.337194297832111189e+01 2.473285104358735964e+01 -3.826588654302823045e+01 -2.092054939870831021e+01 -1.598499848428172943e+00 -3.094792863697784924e+01 -9.028722431414474059e+00 -2.742725992850654215e+00 -3.901054976691716636e+00 1.294904333780653971e+01 -8.897304539536650125e+00 -1.277532600900896043e+01 2.911696534767857258e+01
1.337183632088883201e+01 1.816358793916105085e+01 -3.484062935295808927e+01 -2.226220431865272431e+01 -1.233514303677363522e+01 -3.420024255566953997e+01 1.146082074134672883e-02 8.147643391509598487e+00 3.196432602827421920e+00 2.048166209952080408e+01 -1.654684865211315170e+01 -3.136396508222103563e+01 2.377595188848518859e+01
1.333516903351172367e+01 2.103285504353797819e+01 -2.205906770269213624e+01 -2.309883570047561108e+01 -1.826389724729382635e+01 -2.811319787547750693e+01 5.310971949888956267e+00 2.192722200643981978e+01 1.176357936249415737e+01 8.051944420893965670e+00 -1.920774606471405832e+01 -2.450746090045138459e+01 1.387545280902128475e+01
1.280248211411098325e+01 1.612427301866270923e+01 -2.550334234558639679e+01 -2.875777221686949758e+01 -2.102048842065429568e+01 -2.384460427325307563e+01 5.091821968912359608e+00 1.462380500099666492e+01 1.081540154518670072e+01 7.304521358386129926e+00 -1.907872745126593728e+01 -1.341183970731598052e+01 2.012221422932818626e+01
1.165806371831020272e+01 1.790395086100777888e+01 -2.609483773330111944e+01 -2.446483697421402326e+01 -1.089508253719041875e+01 -2.279106064851627522e+01 8.739186734013983937e+00 1.078196950150882216e+01 -7.174405945572215337e-01 7.173195095836901736e+00 -1.441949457003839008e+01 -1.439347915575755010e+01 2.215085621585959430e+01
1.841130863276225327e+01 1.891791610278956171e+01 -5.150244173981035090e+01 2.913154797049974221e+01 -3.065328895074500082e+01 -6.773837799954027794e+00 -1.096524580723751718e+01 1.138101428973516960e+01 5.335614224737328826e+00 -1.015885555234123139e+01 -5.415973904512758175e+00 -4.978846010363714714e-02 1.281362820844675632e+01
1.777451422032311257e+01 2.339474019220264012e+01 -4.690018100549100666e+01 -8.537922571229982438e+00 -1.137888765777387867e+01 -2.930686753560063096e+01 -1.343559369497454981e+01 4.801600158909484328e+00 1.475014295474791837e+01 -1.501698147486409951e+00 -1.596454130598159793e+01 5.106868596737991872e+00 3.937411543175969086e+01
1.684730910380861957e+01 1.783525720468595210e+01 -3.918879535361849520e+01 -1.683003258353734566e+01 -8.555006730499789214e+00 -2.390193151065469834e+01 -6.116338347787785068e+00 2.342106925940521833e+00 1.517075375842704510e+01 1.279836598369080569e+01 -2.199524069992168052e+01 -2.834542058131656717e+00 4.702432440971871586e+01
1.523607717478176937e+01 1.952663152026790527e+01 -3.329952577532306179e+01 -2.042890436225486539e+01 -9.438355688454867831e+00 -1.805031266527250011e+01 -2.684323309643913635e+00 -5.548645218004816249e-01 2.029055359254407609e+00 4.085083085335171060e-01 -1.216496359255815918e+01 9.377693180895915859e+00 3.590728621132114995e+01
1.441635934885108128e+01 1.341548320712763953e+01 -4.369479666464166456e+01 -1.381121238913656946e+01 -1.094804289078163961e+01 -2.806689771177797255e+01 1.074126712589775545e+00 -2.394051564812240240e+00 -1.609120996803194314e+00 1.108086761633711426e+01 -1.474231821135148124e+01 -2.758971570870579981e+00 4.082344561704324803e+01
1.442745147585054610e+01 2.422535401381780673e+01 -4.296439039119804448e+01 -1.046336005124079804e+01 -1.082194869028429984e+01 -3.809781604229791441e+01 2.420563368081815625e+01 8.979469127558679986e+00 1.125147708113716671e+00 1.607106893678742665e+01 -2.893115280180472482e+01 -1.986793709719654188e+01 4.108846383307150063e+01
1.415205731244074272e+01 2.582569312233303194e+01 -2.932743515009141433e+01 -1.326665593417699540e+01 -1.878636395687840377e+01 -3.404128779578792319e+01 2.640621935389424735e+01 2.186448252873816500e+01 7.533633744365209495e+00 -5.720625488927300495e+00 -3.184128722153949198e+01 -6.792148995890404883e+00 3.712259433618594073e+01
1.338809070406412438e+01 1.841606750886602484e+01 -3.793851002246226756e+01 -2.308555053166113069e+01 -1.036330833864984058e+01 -2.843328475057785454e+01 2.223185944440770712e+01 1.558191002123300528e+01 -5.237048812502345996e+00 3.115331063797269984e+00 -2.059843729371942089e+01 -4.750891232630941374e+00 4.047162875931068982e+01
1.187263287484973695e+01 9.117292196710366170e+00 -3.830112184159568756e+01 -2.453809632999001522e+01 -1.418782113554193991e+01 -2.122329803127587411e+01 1.291859646476417112e+01 2.105770863705130225e+00 -1.033268050029312235e+01 2.421523270480244072e+00 -1.286711799873224038e+01 1.644896365434462382e+00 3.775670400487179990e+01
1.710069194773078749e+01 2.040659472407269348e+01 -3.811588259415761826e+01 4.565426384236806356e+00 -6.418681904657359993e+00 -2.568511385339573039e+01 1.662165927704716717e+00 5.324722858400739334e+00 5.812714484362604850e+00 -7.632287149947575955e+00 -8.369926208339331097e+00 5.037494508362794221e+00 1.000170879548500658e+01
1.689365642552528968e+01 2.728044285889170695e+01 -3.807194762584072123e+01 -1.944528391174062421e+01 -3.030766089263379204e+00 -3.056756259682510546e+01 -1.594781168449129183e+01 9.063168142023151574e+00 1.223924260199882852e+01 -1.039931580408530065e+00 -1.730963730946806223e+01 4.965993053251930078e+00 3.885521238931443833e+01
1.593508829407781846e+01 1.897960232344578912e+01 -3.347103698294345264e+01 -2.516704417791868309e+01 -9.866816495970207157e+00 -1.999236397381756802e+01 -1.164374631698617613e+01 2.246263119241377115e+00 1.861721010268386678e+01 1.040228617081892359e+01 -2.228318052875989963e+01 2.544252924036356500e+00 4.512733193074978999e+01
1.434375313747587732e+01 2.103423826014829956e+01 -2.980835427816650451e+01 -2.961731593391805362e+01 -1.183221306551824803e+01 -1.516562467137985237e+01 -8.933262606962724561e+00 -1.467484419500810988e+00 3.628830363593807284e+00 -1.896302271805856199e+00 -9.888624685148460713e+00 1.169443390445459841e+01 3.527630004456631951e+01
1.339245278564501440e+01 2.087341331776276121e+01 -4.027854773899772312e+01 -2.133742857215713329e+01 -6.521403290650384044e+00 -2.653897787681388110e+01 -2.110559793754238189e+00 2.432504727240134001e-01 -1.234358663064949679e+00 1.009814788678267661e+01 -1.462845921224269752e+01 -1.630281988179081765e+00 3.962391498805860834e+01
1.355258227622913125e+01 1.929782298824996545e+01 -3.232400610644587857e+01 -2.420485573566699600e+01 -1.442069246560114770e+01 -2.634973402304227363e+01 9.687305999997580130e+00 1.490031435980672114e+01 2.596862969372848440e+00 8.588114696888904831e+00 -2.229455536615882494e+01 -1.712982515744350565e+01 3.811517782553309530e+01
1.334569280911282085e+01 2.314659658052777047e+01 -2.000037292917147624e+01 -2.546190743851656890e+01 -2.001999284074915764e+01 -2.249136164243028801e+01 1.580923963890815287e+01 2.355845399898520398e+01 9.603633740674858643e+00 -8.950407457796782040e+00 -2.867827641671835082e+01 -3.480754978787141241e+00 3.230865969113715153e+01
1.253751274513168390e+01 2.173063222637503955e+01 -2.926470048951376413e+01 -2.829815645523887824e+01 -1.094560927471718159e+01 -1.992849378164549989e+01 1.703569410754409930e+01 1.519636176009922401e+01 7.586599801665283582e-01 -2.480548369361017080e+00 -2.139249858813861849e+01 -8.838592020774218572e-01 3.649674844041473420e+01
1.095194623627889108e+01 1.536906031055294086e+01 -2.909749225580619481e+01 -2.863192276917393997e+01 -9.327541318896331646e+00 -1.362014745077337885e+01 1.190230938534577376e+01 2.053828675464932640e+00 -4.620157061072886151e+00 -1.248934499514379626e+00 -1.362897211222338001e+01 3.924021651106556874e+00 3.291649899542947111e+01
8.363569689357682080e+00 8.008946512279941032e+00 -2.067789712611244113e+01 -2.657896475121490454e+01 3.220454315066020978e+00 -2.294032659108088978e+01 -6.796194364821609213e+00 9.266287416379769937e+00 9.784414445017471929e-01 -7.306231241753272876e+00 -6.764128813878448554e+00 2.323849382577023803e+01 3.317829312238329464e+01
8.180963436466985428e+00 2.804858835021791230e-01 -1.699775850558211232e+01 -4.466735437105606366e+01 -2.145732674823365116e+01 -7.679190264556270407e+00 1.565562392223835708e+01 1.660122972035424382e+01 -6.306271657883496751e+00 -1.254987222712966499e+01 1.475715369576518832e+00 1.729156941204817954e+01 1.600788419205909463e+01
6.733590201230534866e+00 -9.292258948966731325e+00 -1.603800505549817146e+01 -4.157983363715708691e+01 -1.734854100346935724e+01 2.664931725005117880e+00 2.026362208687625355e+01 1.568371235278437936e+01 1.122256121402723128e+00 -1.217809180545090264e+01 -7.236375750910582383e+00 1.355094944800444878e+01 2.175108684720233398e+01
5.177137292484704112e+00 -1.769522496876793483e+01 -7.625324340172678461e+00 -3.727963087100762607e+01 -1.696342880279761545e+01 2.572718502239790705e+00 1.658724177330515559e+01 1.184482078693952012e+01 7.393506529458156784e+00 -6.031925850059846717e+00 -3.334197732881585274e+00 1.508197164964122372e+01 2.367108516380293537e+01
3.197373281042487303e+00 -2.201194029105922922e+01 -9.367092232461883938e+00 -1.128485965346682640e+01 -1.109438153485975675e+01 -1.666686774778976243e+01 -5.700683248859861330e+00 9.046410314872293412e+00 6.795818152310704185e+00 5.959787129223841795e+00 6.226541645460208052e+00 9.520641390997299780e+00 2.465769134452496303e+01
2.788464186084857133e+00 -1.997515266290684721e+01 -7.514023107582156413e+00 -8.804030684408109764e+00 -5.720543374304423168e+00 -9.039561534729070758e+00 -8.574413408974610462e+00 -7.795207466069109969e+00 -1.093944416073559633e+00 6.339807420225493040e+00 1.413208311347990431e+01 1.867089430984671594e+01 2.240047128658241604e+01
3.278564333277012910e+00 -2.126113446569212684e+01 -9.727177295509919830e+00 -9.991323714037587678e+00 -2.010780179356276065e+00 -5.497490665695321077e+00 -9.729146705639211135e+00 -1.632751607087157275e+00 1.233947595456280411e+01 1.322908736360069426e+01 1.107177981355681062e+01 1.299950961708917418e+01 2.081478944022183342e+01
2.957650933744051969e+00 -1.961367606730999924e+01 -6.299279447595605319e+00 -5.470218066423180758e+00 -4.906472608731799134e+00 -9.816199786627548107e+00 -7.124501173333824156e+00 -2.803135189812024475e+00 1.646725261757194358e+00 9.469200711489607514e+00 1.803801496901462542e+01 1.515205047098664792e+01 1.909050763671981343e+01
2.787001933274810828e+00 -1.956147914915304753e+01 -7.439795404467027140e+00 -8.512655981600635968e+00 -4.372474172373932433e+00 -7.416520312186355213e+00 -8.991656909934123476e+00 -1.060703732544867073e+01 -3.361280130421745671e+00 7.855824908449831057e+00 1.949776910193284607e+01 2.250720791299949752e+01 1.891107156234465947e+01
1.487332282507599190e+00 -1.483494933304849894e+01 -6.887712700290311574e-01 -2.244070550336880743e+00 -1.305196842415682790e+00 -8.076167957702777400e+00 -1.152395885470208725e+01 -1.470982976704754108e+01 -9.747706922574360888e+00 1.282290571026826198e+00 1.592835878888872614e+01 2.041573983987873575e+01 1.135239006103092052e+01
-3.604365338911715355e+01 0.000000000000000000e+00 -3.207631722481915547e-14 0.000000000000000000e+00 2.392679895532167191e-13 0.000000000000000000e+00 -2.059301670267279085e-13 0.000000000000000000e+00 3.072791695244254868e-13 0.000000000000000000e+00 -3.277697551616779395e-13 0.000000000000000000e+00 3.594848034474519512e-13
-3.604365338911715355e+01 0.000000000000000000e+00 -3.207631722481915547e-14 0.000000000000000000e+00 2.392679895532167191e-13 0.000000000000000000e+00 -2.059301670267279085e-13 0.000000000000000000e+00 3.072791695244254868e-13 0.000000000000000000e+00 -3.277697551616779395e-13 0.000000000000000000e+00 3.594848034474519512e-13
-3.604365338911715355e+01 0.000000000000000000e+00 -3.207631722481915547e-14 0.000000000000000000e+00 2.392679895532167191e-13 0.000000000000000000e+00 -2.059301670267279085e-13 0.000000000000000000e+00 3.072791695244254868e-13 0.000000000000000000e+00 -3.277697551616779395e-13 0.000000000000000000e+00 3.594848034474519512e-13
-3.604365338911715355e+01 0.000000000000000000e+00 -3.207631722481915547e-14 0.000000000000000000e+00 2.392679895532167191e-13 0.000000000000000000e+00 -2.059301670267279085e-13 0.000000000000000000e+00 3.072791695244254868e-13 0.000000000000000000e+00 -3.277697551616779395e-13 0.000000000000000000e+00 3.594848034474519512e-13
-3.604365338911715355e+01 0.000000000000000000e+00 -3.207631722481915547e-14 0.000000000000000000e+00 2.392679895532167191e-13 0.000000000000000000e+00 -2.059301670267279085e-13 0.000000000000000000e+00 3.072791695244254868e-13 0.000000000000000000e+00 -3.277697551616779395e-13 0.000000000000000000e+00 3.594848034474519512e-13
-3.604365338911715355e+01 0.000000000000000000e+00 -3.207631722481915547e-14 0.000000000000000000e+00 2.392679895532167191e-13 0.000000000000000000e+00 -2.059301670267279085e-13 0.000000000000000000e+00 3.072791695244254868e-13 0.000000000000000000e+00 -3.277697551616779395e-13 0.000000000000000000e+00 3.594848034474519512e-13
-3.604365338911715355e+01 0.000000000000000000e+00 -3.207631722481915547e-14 0.000000000000000000e+00 2.392679895532167191e-13 0.000000000000000000e+00 -2.059301670267279085e-13 0.000000000000000000e+00 3.072791695244254868e-13 0.000000000000000000e+00 -3.277697551616779395e-13 0.000000000000000000e+00 3.594848034474519512e-13
-3.604365338911715355e+01 0.000000000000000000e+00 -3.207631722481915547e-14 0.000000000000000000e+00 2.392679895532167191e-13 0.000000000000000000e+00 -2.059301670267279085e-13 0.000000000000000000e+00 3.072791695244254868e-13 0.000000000000000000e+00 -3.277697551616779395e-13 0.000000000000000000e+00 3.594848034474519512e-13
1.930727353607423069e+01 2.859405100670549160e+01 -4.416531407501481254e+01 1.329928571994071973e+01 -4.634445311915952459e+01 -2.535743175823107265e+01 9.644220926511088976e+00 8.862121666746949344e+00 2.079566324007181422e+01 1.121531509434176677e+00 3.324743543231227250e+01 8.569322353692989225e+00 -2.349271506030515866e+01
1.847042993884383222e+01 1.797205571206129804e+01 -1.826598104802847189e+01 -2.002761641332881837e+01 -2.483667040474652765e+01 -3.288381571648874058e+01 -9.782858879379865868e+00 1.109478525245383018e+01 1.738393310242688372e+01 2.076570596847519568e+01 1.704713655953052864e+01 2.780820661678751193e+00 -9.201380890144045921e+00
1.749704512333181938e+01 2.928081173660868686e+01 -1.329957653106542814e+01 -1.377399257703616797e+01 -2.541279707855854753e+01 -2.992593040079087174e+01 2.568634022809907158e+00 1.428119734401040830e+01 3.335056399375509351e+00 5.198534175522608436e+00 3.125994428052506535e+01 1.864408027963583692e+01 -2.284692417403675790e+01
1.621762964077276337e+01 1.548462236435875461e+01 -2.354808761190410848e+01 -2.151465123803081525e+01 -2.689280535973621866e+01 -4.022484525413877066e+01 -2.834403758813589302e+00 2.282439481189544850e+01 1.299648313556906354e+00 2.904353401310558969e+00 3.168969516365499217e+01 1.775563558813178133e+01 -1.629883588722355370e+01
1.488806378574639666e+01 3.033731007334290553e+01 -2.278451770452470271e+01 -5.642130342847524460e+00 -1.594843144561367332e+01 -4.462455196343049835e+01 3.272618821338280970e+00 1.181538394147310544e+00 1.994702236463329470e+01 3.127713541165920219e+01 4.817373570630332225e+00 2.313302327818558268e+00 -6.784355574836616221e+00
1.394744080236877792e+01 1.641491207480898851e+01 -2.311513203680479478e+01 -3.291713421567491338e+01 -3.315514422394512195e+01 -2.958549753020719919e+01 8.067848667406663649e-03 3.049035639096301376e-01 5.667099572405310148e+00 2.355831254829791632e+01 1.606562462073815922e+01 -2.303390026423565384e+00 1.148513690871910686e-01
1.310572063178643099e+01 2.267809613714972272e+01 -2.011891804242517168e+01 -2.387433857568057149e+01 -7.934428560829466903e+00 -2.372170243237495058e+01 -5.680555381855872277e+00 3.808593002438431796e+00 8.265213932213752557e+00 1.958958486707683377e+01 2.250224089922682680e+01 4.822254813785932903e+00 -4.792862433622330443e+00
1.248384759082982676e+01 2.339050441098684630e+01 -9.824168526232146093e+00 -2.300122361851689234e+01 -1.342075596262407089e+01 -2.964257266771274502e+01 -2.275107321410129835e+00 6.054683699367067184e-01 9.601055933254372121e+00 3.387054241977005375e+01 1.495797088625796434e+01 -9.732257065782235372e+00 1.923470553453162091e-01
1.262972780591612043e+01 1.968636197043053215e+01 -1.218545506987881311e+01 -3.157658581754531113e+01 -2.330073837545992532e+01 -2.021880129578437746e+01 4.492562250156186821e-01 2.309780910248471653e+00 6.698964008209697063e+00 2.507379840165317120e+01 2.167480976639317802e+01 -2.664196049379791376e+00 6.288896313282142936e-01
1.873000022587323699e+01 3.578296713244537841e+01 -3.832622819573641948e+01 9.815260583161397601e-02 -3.205160351714977907e+01 -3.602246570088295385e+01 1.503148846065794508e+01 9.224365909034958122e+00 1.490256087831331477e+01 8.329826672528236386e+00 2.648746825596961330e+01 1.361532442751401462e+01 -2.442501719606020316e+01
1.792475515758107463e+01 1.724823150878888356e+01 -1.635406626821978904e+01 -2.670281630512595683e+01 -2.742868708744563122e+01 -2.953191619512973887e+01 -1.341119388228871578e+01 9.268112340459623510e+00 1.881716727639540565e+01 2.104480029697497301e+01 1.918256855676321848e+01 4.377233030563028038e+00 -9.314220853534026290e+00
1.684808695436207415e+01 3.155150507481192790e+01 -9.237058686709548994e+00 -1.950527643946852763e+01 -2.412417081688811038e+01 -2.722208611588100524e+01 -2.058492353430285693e-01 1.497323455793861235e+01 1.916956300179378125e+00 8.094670303747228957e+00 3.226928119092053748e+01 1.402751548446827456e+01 -1.992001956043629107e+01
1.549507212566830994e+01 1.864272004413622952e+01 -1.742137921291087821e+01 -2.284409923533660702e+01 -2.745337961189723330e+01 -3.495808500395219198e+01 -2.241247854145036911e+00 2.240293928502261167e+01 3.910135136895360297e+00 3.838433197295123112e+00 2.932388700368686685e+01 1.751214302044544979e+01 -1.495714987689001418e+01
1.417824143986786645e+01 3.139942144651485378e+01 -1.524366945871243750e+01 -1.650761405499608969e+01 -1.459168601201676729e+01 -3.658155415105650832e+01 -7.487923381880865925e+00 8.884587489598182231e+00 1.767113579478445118e+01 2.812281550336807001e+01 1.251084535705086509e+01 -4.613035251413063698e+00 -4.092880596218241962e+00
1.322593321500479213e+01 1.820646652412523636e+01 -1.802368545273912659e+01 -3.553664829989236296e+01 -3.261856387465189755e+01 -2.159485198047850218e+01 -3.844991025818766950e+00 1.184839025485024677e-01 8.779274449103173339e+00 2.218533093684972357e+01 1.756915527237181252e+01 1.139839861125019338e-01 -1.017817130964383532e+00
1.919639915723222501e+01 2.159271199398445518e+01 -3.295155785936540838e+01 -1.828245795320456446e-01 -3.552653750658195264e+01 -3.651830492539341577e+01 6.312398968684973077e+00 5.555733432500488789e+00 9.213357394160135883e+00 4.436588977059488847e+00 2.381404487703857953e+01 1.634152837737474329e+01 -1.690084871471789896e+01
1.838993810810512741e+01 1.997183475378622575e+01 -1.628848253012741765e+01 -1.837118049277698262e+01 -2.006084997705576001e+01 -2.894426852431902475e+01 -1.250019836867295275e+01 5.670924271360157753e+00 1.395408938954580869e+01 2.023591999931329610e+01 2.024506033853531406e+01 9.945832099467493137e+00 -2.949295807241448575e+00
1.749276733085597613e+01 2.710693832887295684e+01 -1.151654127625809032e+01 -1.743054703173875097e+01 -2.061192917160468951e+01 -2.675171789713738590e+01 -6.892988792437793499e+00 1.049113785759049833e+01 4.069561434380948306e+00 4.850491102200773952e+00 2.817352584516226344e+01 2.338396496361323074e+01 -1.156235207700566292e+01
1.885036286707972764e+01 1.550316161517863733e+01 -5.035573201111677122e+01 -3.008974169543566557e+00 -1.780336478074186601e+01 -1.924151747652722477e+01 9.138883315110314598e+00 -1.309845875254390002e+01 7.106571724600279971e+00 2.080305256983557882e+01 -1.862383523730700707e+00 3.404827925176062031e+00 9.537465848687977754e+00
1.739600636361725705e+01 2.988597386091279517e+01 -5.705677418647719890e+01 3.884824671316789768e+00 -1.981346395624382595e+01 -1.417170403431814840e+01 1.407103717712218049e+01 -6.399313251357487964e+00 -3.418469408336977544e+00 9.795130190621208044e+00 1.204626103323522024e+01 2.103527501913810660e+00 8.820902792415250104e+00
1.645624597780894405e+01 1.253481411353546271e+01 -3.885903546081779325e+01 -1.965911434610814013e+01 -1.525376616111232586e+01 -1.220199094772527104e+01 8.548789376255266248e+00 -1.659727068405177874e+01 -2.848991237245276587e+00 2.633167394835740183e+01 -6.944470028461182665e-01 -1.427045825509738741e-01 2.231330112986369585e+01
1.585743818176600328e+01 1.430566237544737795e+01 -4.169828724620116844e+01 -2.585393487567007753e+01 -1.836851343124801517e+01 -1.287031136165094658e+01 8.008992088434096601e+00 -1.472658713755068760e+01 -3.097763589958582031e+00 2.443914667993536582e+01 1.480296522383629965e+00 1.065898664247018601e+01 3.317281182655477068e+01
1.529724295266833067e+01 3.074469796430660296e+01 -4.503111903454671250e+01 -1.498958859511569308e+01 -8.589530935399908529e+00 -1.595231730441350848e+01 2.205549341910168692e+01 -2.433076294928667593e+01 -1.553862368308275066e+01 2.203901834304543428e+01 3.028548557278394782e+00 2.605720930727905671e+00 2.243085061296554983e+01
1.463314943051139316e+01 1.992154446907843379e+01 -3.455520277425307540e+01 -3.184211519572309257e+01 -2.142388042946036464e+01 -2.119675098670450097e+01 3.289344834786242511e-02 -1.383484575362835578e+01 -4.271853632107982968e+00 1.941288597027519458e+01 1.370628152476798256e+00 2.119865795310963641e+00 3.107404325853070759e+01
1.396351930723534984e+01 1.519832769038494824e+01 -2.644149653532625877e+01 -2.539616408944193537e+01 -2.941553330464162030e+01 -2.388116234451173980e+01 6.129593839815160372e+00 -1.271056341150647206e+01 -1.609205690785018561e+01 1.965417825816050268e+01 1.274871656941572517e+01 4.806067292841792238e+00 2.201327304904834392e+01
1.333271311890063515e+01 1.986328779560309954e+01 -2.597060025426096885e+01 -3.204012060795329830e+01 -1.843984157979377514e+01 -1.799914315391943020e+01 -9.679062534220960856e+00 -1.751335704837581986e+01 -3.047521957501591050e+00 2.078957558589672061e+01 1.159868736398513178e+01 4.891474701785112345e+00 2.016958521686354544e+01
1.279904140394930145e+01 1.845865489131524839e+01 -2.086412287441776314e+01 -3.056386419254896936e+01 -2.222754547499035738e+01 -2.126357314946739407e+01 -8.842488746274025146e+00 -1.412495064854314997e+01 -1.581137883601461569e+00 1.604421978553592965e+01 5.739680785425314014e+00 6.321241518747818589e+00 2.788136025218783942e+01
1.711814392423050535e+01 2.014915178628169556e+01 -3.768177394204878539e+01 4.427385844031397788e+00 -6.351963963577410333e+00 -2.577332360155921620e+01 1.819951452260697433e+00 5.778918885736469946e+00 5.040919226487260651e+00 -7.707562451396086978e+00 -9.368773268265472964e+00 4.985580137167049841e+00 1.050721094449674631e+01
1.691334967864984051e+01 2.714094353219975631e+01 -3.775223034930047561e+01 -1.990911407962268598e+01 -3.073101134227573805e+00 -3.016743989029264839e+01 -1.609852548829000796e+01 9.301689178476094000e+00 1.163025597285879975e+01 -1.251925635875826615e+00 -1.742857642879714319e+01 5.537388671591211065e+00 3.814180853103257363e+01
1.595245417739658222e+01 1.903595697201064851e+01 -3.328454568190760199e+01 -2.548247864243465699e+01 -9.840090448561802816e+00 -1.937589608533534502e+01 -1.158519319305246853e+01 2.086037868322855982e+00 1.825860971387665543e+01 9.969250257461247600e+00 -2.209295677734573360e+01 2.605323411530936717e+00 4.475635511938205724e+01
1.436012172822144883e+01 2.104706910950878296e+01 -2.968586407293544482e+01 -2.976529917196148389e+01 -1.157806533999323939e+01 -1.494636610165746404e+01 -8.832891068199375084e+00 -1.207343231766517810e+00 3.635988543850894761e+00 -2.017579056367146961e+00 -1.013444922685748750e+01 1.204560906577091295e+01 3.486288378047619574e+01
1.339271465542318573e+01 2.090306938249067414e+01 -4.017585614729864574e+01 -2.141789500658068590e+01 -6.215884009247513831e+00 -2.664371602427054952e+01 -1.990249696670747692e+00 2.602713185677353880e-01 -1.225473621741753227e+00 9.752335808265737427e+00 -1.421284616704675940e+01 -2.330043707249820795e+00 4.020412687113989136e+01
1.355275094415093307e+01 1.920161115321740652e+01 -3.217909781926238111e+01 -2.437884378322950596e+01 -1.435920846531666584e+01 -2.627685954885900088e+01 9.433012199262307718e+00 1.516627127586318124e+01 2.149325724728595954e+00 8.918477892118678696e+00 -2.250057503806253578e+01 -1.709377924045358910e+01 3.831844496016476143e+01
1.334608676947366845e+01 2.337360993200650228e+01 -2.029029811704819153e+01 -2.521411112218637385e+01 -2.009653451999718499e+01 -2.269866631991760286e+01 1.617907222591719218e+01 2.281636585047280263e+01 1.064043137262727079e+01 -9.880956545416859527e+00 -2.818553062079778826e+01 -3.529094135285113509e+00 3.218119804391975691e+01
1.253820481705961321e+01 2.199050543645391187e+01 -2.943678693935702029e+01 -2.842919947605838971e+01 -1.057627754514155072e+01 -2.046709751236398844e+01 1.751630799543517014e+01 1.485227667004310881e+01 9.544139693690566473e-01 -2.536738370130510845e+00 -2.150567344005014903e+01 -5.672974002216937262e-01 3.623531883782578689e+01
1.095266018032175914e+01 1.532405248881297766e+01 -2.904957824654707466e+01 -2.867334837946448545e+01 -9.348486765304263812e+00 -1.349937855312417412e+01 1.177233929248725453e+01 1.861668892765280248e+00 -4.217417719789855468e+00 -1.705662943232977069e+00 -1.332049168553825780e+01 3.900615691471369662e+00 3.257184773361593244e+01
1.828076689442729474e+01 1.712457156388564528e+01 -4.784831755481640414e+01 2.215088858155566953e+01 -1.882307621541630027e+01 -1.845341257042431948e+01 -4.378798790345193481e+00 -3.942478957812017182e+00 1.019721638164983624e+01 -1.079771985392950207e+01 -8.500635492644700975e+00 -4.827163285977559504e+00 3.320215037634389965e+00
1.766197581833582930e+01 1.841569522455351304e+01 -3.651510206862619157e+01 -1.090900252163458006e+01 -5.910647704575807460e+00 -3.358249258369809098e+01 -1.879268763325572067e+01 5.405788673676830136e+00 1.727256554361314755e+01 6.839027578643969818e+00 -1.557324338374128914e+01 -6.440498061484084324e+00 2.669713155295241691e+01
1.685162650700834774e+01 2.059341304701600350e+01 -4.194425901816892122e+01 -1.428124396420306219e+01 -7.763436534762966801e+00 -2.866007446238668877e+01 -1.132066844646564441e+01 -7.280110532801703727e+00 9.428199457940269923e+00 2.025581729350851745e+01 -1.830410545988661042e+01 -2.107728048451853908e+01 2.174228002912215629e+01
1.539207348978380274e+01 2.011002354434553396e+01 -3.498250589077218109e+01 -1.874159688286999526e+01 -1.399274973262359900e+01 -2.897962573841044076e+01 -5.777722852465497105e+00 -1.864148060090448311e+00 1.531732949046041625e+00 8.555764240720984404e+00 -1.468370379268152348e+01 -6.813907665346693676e+00 3.241652493167968885e+01
1.434891298506811808e+01 1.958279696927960956e+01 -4.490232924172057949e+01 -1.334600684561708661e+01 -6.896324102098729369e+00 -3.354803211852507872e+01 -6.220116621661315293e+00 -4.624190391114574084e+00 -4.499453639536917571e+00 1.466993119352038200e+01 -8.284751943274894614e+00 -1.406346684154728877e+01 2.997641999106460986e+01
1.428719043815218726e+01 1.944493434608397564e+01 -4.316338992008574849e+01 -1.246573512501341696e+01 -9.282578250210480775e+00 -4.186072839193410999e+01 9.965839031603612952e+00 6.537633345105073879e+00 -9.638363899018708159e-01 2.787854783799998870e+01 -1.966648292828635647e+01 -3.441144188819216510e+01 2.659665945506848672e+01
1.862965178511686304e+01 2.799311686727983073e+01 -5.798364806195564114e+01 1.264417265365218057e+01 -1.451620052891733437e+01 2.117232902657256943e+00 -9.001468909579301680e+00 -2.268592719298025884e+01 -1.996571904437733691e+00 -1.473403368571580963e+01 3.360863465498446168e+00 1.510383234274488373e+01 1.585612034422496031e+01
1.772089417933898048e+01 1.790456575492703095e+01 -4.190868586037493060e+01 -1.676379664945383041e+01 5.991763283082534919e+00 -2.123609552407001111e+00 -1.163792983166763761e+01 -1.669395729243018067e+01 -5.585742535681593957e+00 -1.669301105005944663e+01 -8.373321797979071945e+00 1.868786227963833824e+01 1.849487773796703038e+01
1.627171718913658083e+01 1.961352914604240283e+01 -3.788526633123193221e+01 -1.782011231276653973e+01 -6.654737146980512996e+00 -1.044242610704955965e+01 -6.265514168835754738e+00 -2.022612708881602472e+01 -1.260824230096299559e+01 -1.585200653452632658e+01 -1.434654925140580417e+01 1.750872573427372103e+01 2.242588195128371709e+01
1.710955249444862147e+01 3.516427966713626319e+01 -5.551608854875384935e+01 2.045375335024827734e+01 -1.504213458074188203e+01 -2.225219836755963954e+01 -1.800151085710439913e+00 -9.861748456448797384e+00 1.126687773466907139e+01 -1.198988885781763436e+01 -1.004478540039192680e+01 -2.726652400698460710e+00 2.318033582069173093e+00
1.683793106366562853e+01 1.888473760551719494e+01 -2.905034562867724901e+01 -1.915017736723372721e+01 -5.951687368402933664e+00 -2.704702260782714518e+01 -2.435327619866742666e+01 3.536545050606699991e+00 1.789202979684596784e+01 2.940812335215039042e+00 -1.630679590545316415e+01 -3.255465916657271030e+00 2.204857365953594694e+01
1.597417039766640734e+01 2.389680917307442343e+01 -3.243138495520199172e+01 -1.958623999912405367e+01 -4.471108203791834157e+00 -2.111180637340988753e+01 -1.504668723502054384e+01 -4.580356404322381891e+00 1.259578846677774422e+01 1.654214022782756999e+01 -1.892626741506474630e+01 -1.908113574929331335e+01 1.850542269288095909e+01
1.454657307535465804e+01 2.692437629090803242e+01 -3.041073453624607126e+01 -2.438770473472751377e+01 -1.032739910094759672e+01 -2.496145276775810018e+01 -8.557298326098635499e+00 -5.997321751919090227e-01 2.961806065534232424e+00 6.918063778459043078e+00 -1.372297581464786198e+01 -5.745698531970016454e+00 3.078832625917920751e+01
1.337191466185199751e+01 2.468724067500013319e+01 -3.814910254705537085e+01 -2.114503753253640284e+01 -1.307669986796209383e+00 -3.123998980897188105e+01 -8.846348684559549369e+00 -2.738911704704294792e+00 -4.068408627298640390e+00 1.315979620932035488e+01 -9.093748937616560113e+00 -1.263139021711809917e+01 2.910398786156019924e+01
1.337231899714569749e+01 1.818934794710011360e+01 -3.481447291675844724e+01 -2.243675120172173010e+01 -1.199919911404648687e+01 -3.464987672191119827e+01 5.061224532641650509e-01 7.798018438884438908e+00 3.282721638936097808e+00 2.069319817942133710e+01 -1.699507866336882600e+01 -3.076937342137198783e+01 2.319632443699538626e+01
1.842374578083708059e+01 1.853581631543544006e+01 -5.091061122212738610e+01 2.796366339433031456e+01 -2.997508510607067578e+01 -8.021405194399827465e+00 -9.881354620262012389e+00 1.059624947815694007e+01 6.468746752023903923e+00 -1.082239116930233180e+01 -4.969377633737044775e+00 -5.540006899833710419e-01 1.316526499375260961e+01
1.777604674717509070e+01 2.303451705145575090e+01 -4.649462003399097654e+01 -9.434193807287298839e+00 -1.136761646427693329e+01 -2.994440874949011899e+01 -1.329242898469854772e+01 4.834466717024946902e+00 1.518994870030423172e+01 -1.175171670103048793e+00 -1.584121989748373771e+01 4.896980783335491694e+00 3.874123887871652983e+01
1.684886791851321775e+01 1.796043614736771588e+01 -3.929053254214409918e+01 -1.666903610759483811e+01 -8.408335126919123326e+00 -2.386086408947615567e+01 -6.090580959570776720e+00 2.092038164873451400e+00 1.488552715058676768e+01 1.261403585552506001e+01 -2.214856012457171275e+01 -2.700712648122902237e+00 4.740892434331141203e+01
1.883451873114520581e+01 3.601652484799551956e+01 -4.364198566418706093e+01 -2.161900698438645740e+00 -1.441944589590457326e+01 -1.855121389960827827e+01 9.548183084206238291e+00 7.102646655355955296e+00 -6.835353510771953189e+00 -8.177133366885762644e-01 -2.838461114840235222e+00 -6.937707123100679496e+00 1.196871548761176030e+01
1.841055572346540359e+01 3.509845082973926367e+01 -3.911101813401991478e+01 -1.837784844432998810e+01 -6.139261565227356776e+00 -2.139631201862136223e+01 1.157727847996650600e-01 -2.987358693313960867e+00 -7.204451273833648806e+00 -5.320123133456093001e+00 -2.375961101362392114e+01 -9.618205710092949445e+00 1.057818519578832550e+01
1.775907817806707101e+01 3.728737560087896696e+01 -3.276161714328699048e+01 -2.538724992357329313e+01 -7.998647583803228933e+00 -2.020626368369608628e+01 -6.583965097786173892e+00 -3.061746758146306924e+00 -1.291335546911412457e+01 -1.360564233622307562e+01 -1.881584930339293393e+01 -7.856348294997799186e+00 9.208016299893373002e+00
1.721368206390611633e+01 3.205951000382825811e+01 -1.816265600809942882e+01 -3.091184170222156524e+01 -1.679421698788908301e+01 -1.096494306316210476e+01 -4.331354047651069017e+00 -3.057664136161049040e+00 -1.069629793570882015e+01 -1.750618552429672548e+01 -1.180274808336578651e+01 -1.012667988689787357e+00 -2.899825014344543206e+00
1.681579192298438485e+01 2.783504866440373604e+01 -1.739299968343731351e+01 -2.790801386138453921e+01 -1.283443871778230161e+01 -1.210776364515063719e+01 -9.855357664835809217e+00 1.943407214228416890e+00 -2.827779544314390936e+00 -2.021203279026040889e+01 -1.536754625834079668e+01 2.496311840290585060e+00 2.135961154273327001e+00
1.639452638770685056e+01 2.740517096042732703e+01 -1.622365422029766791e+01 -2.845603833777802194e+01 -1.711294642051001347e+01 -1.752542770632141966e+01 -1.401851571948060737e+01 -9.172206444509238832e-01 -2.779726194409990025e+00 -1.853604859176488517e+01 -1.403235241221791973e+01 5.963546962651363081e+00 7.135371116551574744e+00
1.606079355334568248e+01 2.872339785347113761e+01 -1.202683886280551029e+01 -2.553848172739538924e+01 -1.968245396817258452e+01 -1.998176512458454468e+01 -1.175240908638733117e+01 -1.999055792443613644e+00 -3.830886736007148130e+00 -1.162272365562378340e+01 -8.124305653615090606e+00 5.998889348131495325e+00 5.289953431170432374e+00
1.575107988597232200e+01 3.261233801801739673e+01 -1.063036018687224704e+01 -2.711452679718992442e+01 -1.750501572644043691e+01 -1.304186792359424629e+01 -1.303735843455190668e+01 -7.444656004821716522e+00 2.487573160020028595e+00 -2.334202669733862923e+00 -8.749351124283144543e+00 4.696692647377866514e+00 6.307879569152693655e+00
1.536775316649992007e+01 3.259067235151383812e+01 -1.267491154486453553e+01 -2.889611345153042876e+01 -1.514548548828269503e+01 -1.797770134014487198e+01 -2.033280638003630614e+01 -5.726616157143355146e+00 3.865612521110273203e+00 -2.601900335736951231e+00 -6.113506868396182625e+00 4.236094114471633532e+00 7.227096128018092536e+00
1.805665689999905510e+01 4.282407494653108415e+01 -3.636506063551743040e+01 -1.641310442700023842e+01 -4.229813719739238032e+00 -2.350544139521525366e+01 1.312241373279255896e+01 8.063796915825541589e+00 -1.299005921680758213e+01 -4.506831033093793848e-01 -6.227307397394448607e+00 -5.970256485305949212e+00 6.566761831393272075e+00
1.756581924229627489e+01 3.352153124596911482e+01 -2.661297452966810084e+01 -2.941762060562486880e+01 -5.768957456337650669e+00 -1.148047442358836356e+01 -9.461289434261075826e+00 4.348658771343377749e-02 -3.692641524939197062e+00 -1.456937344447126392e+01 -2.003755666346435049e+01 -8.158334575119779331e+00 5.146311757138056109e+00
1.694014378791980135e+01 3.916585833458475463e+01 -2.538113672934178666e+01 -3.185587555721280140e+01 -9.353700855651950974e+00 -1.351849241552961800e+01 -1.109318545244936161e+01 -3.369567681456232755e+00 -9.639448253616951234e+00 -1.824979987449845353e+01 -1.836495540128580473e+01 -5.111967217467346281e+00 6.241139399407646060e+00
1.894902426133541695e+01 2.260927073873307336e+01 -3.124826039859809157e+01 -1.258136327061127879e+01 -1.137423941558965446e+01 -1.955103297503499959e+01 1.326067599058047541e+01 5.916363861772069299e+00 -8.096990531574961736e+00 1.975662781341378293e+00 -8.756515664590198256e+00 -5.501224869006919427e+00 3.006391847004308282e+00
1.851501087035549276e+01 3.120815921819221117e+01 -3.629905451809810302e+01 -1.874629986865102182e+01 -8.892846589555931658e+00 -1.945903884476589951e+01 -2.524668397617813920e+00 -4.204721570087683880e+00 -4.487327054093837475e+00 -1.095439193180540727e+01 -2.187435307486703095e+01 3.544124371449709709e+00 9.154326217545053268e+00
1.783442387947622976e+01 3.232388557721102984e+01 -3.263243959926359850e+01 -2.704489701613696795e+01 -1.097138822352438758e+01 -2.105685843257874268e+01 -6.538545311639316182e+00 -4.116159641263064550e+00 -1.163619185762492947e+01 -1.263848115591952670e+01 -1.481858276840944022e+01 9.755079540923154990e-01 6.545655768124553298e+00
1.892913650847151175e+01 3.399901470442782170e+01 -4.191536339353373819e+01 -6.972275717192418121e+00 -1.203576980743929958e+01 -1.955355341034528749e+01 1.512014237764197233e+01 9.827560089392207487e+00 -5.219403761018424071e+00 2.614751479822216673e+00 -1.520382431750841645e+00 -6.817719758796677354e+00 8.722086873859989709e+00
1.843131539333774427e+01 3.840932363965585239e+01 -4.162588246667882430e+01 -1.747881186185986735e+01 -4.723835976905882639e+00 -2.163587155499437742e+01 1.008365430295817405e-01 -2.706241871294452039e+00 -7.062790207898552275e+00 -7.312254170761544714e+00 -2.402485382659830648e+01 -9.715236793591159881e+00 8.373140103722308325e+00
1.774826028071725048e+01 3.582438856756975554e+01 -3.134805641798628884e+01 -2.660545706035431479e+01 -7.788163800745957488e+00 -1.887448633636038764e+01 -7.696060125480571834e+00 -2.608464089367045435e+00 -1.209990141349597614e+01 -1.468823447765976375e+01 -1.743871583455027263e+01 -7.443915210522856540e+00 7.884505495160593291e+00
1.885697907109373972e+01 1.457607052773185075e+01 -3.778557884277880419e+01 9.022686890287420880e+00 -1.939968554231897002e+01 -1.374825485650748647e+01 3.997506816437091715e+00 -1.491570937646589634e+01 -5.076838209775941912e+00 -9.050062940823831781e+00 -1.431577650139118063e+01 -3.921810555768050044e+00 6.034394815161970627e+00
1.769252263519321033e+01 1.982453633044942265e+01 -3.248076889718114302e+01 1.125877133914359840e+00 -1.505947570548395120e+01 -1.330265315364084877e+01 2.595774627814012803e+00 -2.925011218447076899e+01 -1.297630870124558733e+01 -1.129504424171468990e+01 -2.333618587031296698e+01 -5.038988133023632798e+00 -4.778069013610083182e+00
1.674936542627342817e+01 3.200119370484178205e+01 -3.784699079003313926e+01 5.401770899837480933e+00 -1.784663520803277947e+01 -1.709387105966398224e+01 2.048613676993488397e+00 -1.873770791566868965e+01 -1.708609634796189525e+01 -2.427913220440247954e+01 -5.483243034820083572e+00 3.863912914607740001e-01 -1.159502302686809472e+01
1.609432565342947896e+01 2.623300422046454727e+01 -3.374805176049942190e+01 3.074716561396221515e+00 -1.324313709514748894e+01 -2.577054023061141308e+01 2.877148931515659314e+00 -2.511674784840629471e+01 -2.279036498671161937e+01 -1.099356227764206118e+01 -1.842973226489480254e+01 -4.116376715714386236e+00 -1.114573326567911948e+01
1.555977892492507841e+01 3.180714448032916764e+01 -3.766584304459868093e+01 6.328065118265174149e+00 -1.530590029444326650e+00 -1.724251361215987188e+01 -5.874667264966286773e-01 -3.296023821488826400e+01 -8.632606439330663406e+00 -5.137502447391162796e+00 -2.881420117568509198e+01 -1.173725089458157456e+01 -6.573849565078183410e+00
1.494956266127181799e+01 2.752617896283491561e+01 -2.808266455686332108e+01 -3.114157022470781300e+00 7.120513277364347360e+00 -7.472705674303855794e+00 -5.686804419223442153e+00 -2.381736185426707664e+01 -1.758400590512227524e+01 -1.295290207905808799e+01 -2.241965344668069093e+01 -1.220378318526380568e+01 -1.174672769065487721e+01
1.433223873826909944e+01 2.663833398869734737e+01 -2.849762383843395952e+01 2.531768009526889074e+00 2.497380882827564541e-01 -1.453047653600997791e+01 7.120701173900319425e+00 -2.471600590848168721e+01 -3.215901872920738924e+01 -1.944946440195794679e+01 -2.405689022080534301e+01 -7.661746352187270404e+00 -1.358981139557369211e+01
1.367117040902228098e+01 2.965660771113770267e+01 -2.323122420312017411e+01 -3.762499697782900832e+00 1.263846672657248327e+01 -9.495721092239188366e+00 1.040740535380911408e-01 -1.623318210113000148e+01 -2.855330910300322600e+01 -2.840950319351587439e+01 -2.684229891147782610e+01 -1.647898771132854989e+01 -5.034298229113563394e+00
1.322495861631371561e+01 3.077902646013254895e+01 -2.676648599189427813e+01 2.533132064396022010e-01 1.906768675753945175e+01 -1.536371642342718324e+01 -2.689106826590387800e-01 -1.749061670375516542e+01 -2.017482656296753163e+01 -3.411305182004797132e+01 -4.325301344251509050e+01 -5.264159297451989517e+00 5.911104711181926596e+00
1.702764637658593472e+01 2.918334605971845974e+01 -3.364370246736739745e+01 7.838784871551188083e+00 8.836745781620803930e-01 -1.703458020999298483e+01 -9.032274521986366267e+00 -1.344153294452228486e+01 -5.021325988453658518e+00 -1.825330617905300556e+01 -2.748946752861356924e+00 1.902321472236771527e+01 3.070832230711758370e+00
1.664762672056528459e+01 2.918423267721841796e+01 -2.396301437459670680e+01 -8.007327766826894955e-01 6.068081900147221042e+00 -2.451987118986377823e+01 -2.380828588432548187e+01 -1.973441675625146630e+01 -1.880187439235600877e+01 -1.936026922094221803e+01 -1.182466027619874893e+01 4.533312501859964039e-01 -2.564845747775781781e+00
1.608458851508454046e+01 3.037649879878843961e+01 -1.815135362191928081e+01 -8.058634371841810307e+00 5.691367261465194893e+00 -1.917605142290368647e+01 -2.702574409395920085e+01 -1.916447448647545926e+01 -1.421437067465201842e+01 -1.115060187893393362e+01 -1.043077760129988540e+01 -1.235794841576021241e+01 -8.303798208606400166e+00
1.556525801093178707e+01 3.998063251343381808e+01 -1.390128363379546350e+01 -4.007551901077387235e+00 1.788589280079332822e+00 -1.630841961746122948e+01 -1.075134026946052757e+01 -1.498859602447558714e+01 -9.133569359212071248e+00 -3.496181172286322525e+00 -9.599750301103410877e+00 -9.624849860090048281e+00 -9.438397515661570480e+00
1.515423513623431262e+01 3.374677391960329942e+01 -7.414869433912500085e+00 -5.711642259584507109e+00 4.528765706542793090e+00 -1.561776551166663651e+01 -2.248985372999823440e+01 -1.373322055831770250e+01 -7.318264085896743154e+00 -7.115016098650961851e+00 -1.077580730526789132e+01 -1.600952549962606142e+01 -1.057388633180926085e+01
1.476816989112045597e+01 3.956987910320916058e+01 -1.066543298184208055e+01 -3.503580888700275509e+00 7.455774225219442997e+00 -2.393932577065121947e+01 -2.949767068618591281e+01 -1.843011619383936761e+01 -8.183313512380454569e+00 -7.050308031384996177e+00 -1.972620751497429481e+01 -1.920156719252782196e+01 -1.171426172462320281e+01
1.440837573058097121e+01 4.596596964286470666e+01 -1.031036682963628870e+01 -6.724299904756322555e+00 1.232960998527343577e+01 -3.306362498891049029e+01 -2.806328945865572777e+01 -1.774626167857525871e+01 -9.777442973609323573e+00 -1.052871691280519428e+01 -2.419571983324766862e+01 -1.637748304249682008e+01 -1.245682287103710983e+01
1.405997433241002526e+01 3.789967434580112382e+01 2.749178272911732890e+00 -6.833319182417738058e-02 3.811941955974508911e+00 -2.277936696295475016e+01 -2.204945757808804530e+01 -4.178449142243135128e+00 -4.082947008901148145e+00 -1.573934457807789578e+01 -1.358101062408562321e+01 -8.152670962651139774e+00 -2.316172272750690819e+00
1.373669797439720774e+01 3.732236785196359108e+01 4.434906887422525479e+00 1.407203117474106424e+00 7.375495413970574177e+00 -2.157880450516895721e+01 -2.746046614511939410e+01 -8.219172569624978664e+00 1.317043450483756928e+00 -6.353877006364709423e+00 -6.617178432394162257e+00 -1.416151235602680103e+01 -1.244286071103488389e+01
1.878611486114781215e+01 2.494785734107679076e+01 -5.460994361383571771e+01 1.129324347998927713e+01 -1.087435187090412292e+01 1.673057905454899963e+00 -8.677527261803554381e+00 -2.427131885552707402e+01 -3.133611237501758406e+00 -1.396553088132455400e+01 3.740970291645870471e+00 1.655443903987263354e+01 1.403323851832557345e+01
1.788933792549652679e+01 1.765647791434202674e+01 -4.124770067579359534e+01 -1.509899882267748339e+01 7.101601479441342235e+00 -7.052589623678735820e-02 -1.026567511072708427e+01 -1.624474782214751656e+01 -5.063881273282301088e+00 -1.771449776760550066e+01 -9.582781776284907238e+00 1.708198884233259562e+01 1.588260374014939735e+01
1.643711007274202629e+01 1.936214826716315329e+01 -3.737184838232781914e+01 -1.667744235472003567e+01 -6.118559866199539954e+00 -9.164690876231002648e+00 -5.348904137713268447e+00 -2.005714267373767612e+01 -1.283775071867530393e+01 -1.747686726178070060e+01 -1.660442347716659839e+01 1.576409973520491548e+01 2.018706265930784127e+01
1.569282755204852009e+01 2.379937741693801811e+01 -4.074042969520537838e+01 -1.182742313538204648e+01 -4.509479987626646147e-01 -1.976214216745969665e+01 -1.866853344314907304e+01 -1.453641209016798719e+01 -3.872344394061585593e+00 -2.704567657154535709e+01 -1.587371386696861464e+01 2.155653069406191236e+01 1.064853551808221965e+01
1.536603979440290324e+01 1.991336247381421742e+01 -3.668125326281263909e+01 -1.886386811802681862e+01 4.177304369120841798e+00 -1.314286094936246485e+01 -3.116207344456931949e+01 -2.557040968401469172e+01 3.203566313257437126e-01 -1.067040445873607091e+01 -1.395355703512716872e+01 1.796264828835929706e+01 1.488518972195187295e+01
1.475189326022052150e+01 2.511119439182110469e+01 -3.310296776529739304e+01 -2.396293617795337383e+01 6.319660289465886649e+00 -7.349490588223988041e+00 -3.301723619700584322e+01 -3.506223650062928954e+01 -6.703845796563121517e+00 -9.816553138870621753e-01 -9.934766592691399723e+00 6.401834720375099153e+00 1.713408706022550376e+01
1.423473131928732904e+01 3.104024167824250569e+01 -3.872640308615675053e+01 -2.738614952334000563e+01 5.808234910761668424e+00 -2.013297738110091117e+01 -2.216096737503308134e+01 -3.106903940606598979e+01 -1.982296483471546011e+01 -9.983954888025127872e+00 -9.042395160068409377e-01 1.278273408376643694e+01 1.099171807131745027e+01
1.395893237437619838e+01 3.047705805707677484e+01 -3.640194020741071057e+01 -2.786991030768675159e+01 8.005485399008858138e+00 -1.513031864970862372e+01 -2.349231585176134018e+01 -2.258646600356000533e+01 -1.294942020446341502e+01 -1.616952482691156945e+01 -1.358859086425975171e+01 1.574401034124207932e+01 2.134185178350172052e+01
1.331167638652346419e+01 2.736277182416541010e+01 -2.510228839672275924e+01 -2.546679438106157889e+01 8.870256947472762166e-01 -1.969767907344491320e+01 -2.106955263732225703e+01 -1.145982781086059710e+01 -1.544953838786557654e+01 -2.394724490998211053e+01 -5.435932737667465098e+00 1.279409352588547222e+01 2.125943570401771510e+01
1.799205948451854908e+01 4.092397942918040599e+01 -3.509284275075755488e+01 -1.664101238981757547e+01 -2.744347356005148342e+00 -2.319791668368416637e+01 1.105082807112519028e+01 1.017926899046188716e+01 -9.537247381564206705e+00 1.462908379143904147e+00 -5.646264125729616445e+00 -5.230987616891905390e+00 7.709060089844824937e+00
1.760786583939932370e+01 3.354939185114032796e+01 -2.680466725766139646e+01 -2.957521362279410226e+01 -6.120064335758357288e+00 -1.267141777911765743e+01 -1.088084766799121361e+01 2.027590275789951380e-01 -2.685221164151574413e+00 -1.394320071906579628e+01 -1.932730304294894452e+01 -6.809577600700058575e+00 6.070239793585659349e+00
1.697951668444738971e+01 3.930037671607124850e+01 -2.529653513435532375e+01 -3.186193056352619024e+01 -9.786235439255147384e+00 -1.354614385162155266e+01 -1.111178880271256730e+01 -3.325652047558051105e+00 -8.723801883151063308e+00 -1.770499766414993204e+01 -1.785542402360547953e+01 -4.840004095086840152e+00 6.500995847253382642e+00
1.908952752568272260e+01 2.648592886993277418e+01 -3.911605729909758367e+01 -7.611731426364772624e+00 -1.522570405844567709e+01 -1.826673427070434030e+01 1.801630417461580791e+01 1.946821607993288961e+00 -4.074469830612976295e+00 5.704429837638395284e+00 -6.244068156913541223e+00 4.160352333587663765e+00 2.467004264348236831e+00
1.861270342448946735e+01 2.837053006537446720e+01 -3.756610720396653846e+01 -1.931159874962699874e+01 -8.943380887992947947e+00 -1.938367070411599258e+01 -1.726908910547803266e+00 -3.024333113194243250e+00 -8.690589608020229395e-01 -7.174348454668682429e+00 -1.189109424863026909e+01 1.408439058490495732e+01 3.639993004263534004e+00
1.794102557614250415e+01 2.681182382584157509e+01 -3.001341221262738301e+01 -2.803039954157929614e+01 -1.351243855957163476e+01 -1.698656950870991622e+01 -7.620853806528760543e+00 -4.492276019926066510e+00 -7.656264789399101822e+00 -1.041348939346520019e+01 -5.049434305132361800e+00 8.816880774295974277e+00 1.437603012942172631e+00
1.869434467727800708e+01 2.612238526198442656e+01 -4.786233079526711975e+01 -4.861159126300788280e+00 -1.129793614432984938e+01 -9.708303773202876741e+00 -8.321242132531826430e-01 -2.015576368109210037e+01 -1.494121509627268862e+00 -5.164942277720568242e+00 -7.366842653646560990e+00 5.517671329887673615e+00 6.530972535097529175e+00
1.785098288078397388e+01 2.313899422563065400e+01 -3.544981248611473745e+01 -2.090035158234265822e+01 2.117951657741718563e+00 1.650334749301188619e+00 -8.262065721148260877e+00 -1.820588257003538502e+01 6.076720095889373008e-01 -3.841974320435648238e+00 -1.572444783401365953e+01 5.040607360065097353e+00 1.137988720367476958e+01
1.642802703076876014e+01 2.987723293774695676e+01 -3.845192937703234293e+01 -1.614447295586570164e+01 -1.058864027541115327e+01 -1.570738265049300253e+01 2.216088929351540671e+00 -1.998168772437797358e+01 -1.284019992338226324e+01 5.594932932754820287e-01 -1.574850237893132565e+01 2.056317519791142079e+00 1.559715187148827553e+01
1.878998980954486342e+01 2.458115849947709819e+01 -5.344383358543560547e+01 1.050287307422413541e+01 -9.605836962849345184e+00 5.672341369981603876e-01 -8.936943528487089949e+00 -2.578347551459680176e+01 -4.288666672222285037e+00 -1.527436149215987093e+01 2.629114839780668067e+00 1.740517905201521387e+01 1.455026994695870002e+01
1.790574521756986215e+01 1.822588433963190013e+01 -4.170739489213750062e+01 -1.500518330152620905e+01 6.099752626457367377e+00 -1.696296272959495033e+00 -1.200954576504901183e+01 -1.809422990649414942e+01 -6.075488907430308672e+00 -1.779480207041386919e+01 -8.750501717133198909e+00 1.888828709231204428e+01 1.741474134071723512e+01
1.645435521712931859e+01 1.918733686800515059e+01 -3.695327993600484007e+01 -1.685460381413314224e+01 -6.098098768347091081e+00 -9.397736260128393582e+00 -5.776465514602374007e+00 -2.013103615359811016e+01 -1.221012814291483473e+01 -1.623240789880265211e+01 -1.489280492197000783e+01 1.769924095104778772e+01 2.197098630514287620e+01
1.570522397346032761e+01 2.424281464941447339e+01 -4.041939415310152128e+01 -1.126621947649582012e+01 2.939526074921445242e-01 -1.943939964782392238e+01 -1.772191379639090059e+01 -1.471784594571944282e+01 -2.785142743086030936e+00 -2.700833950086768809e+01 -1.501662603667444884e+01 2.204199828950452300e+01 1.101355088961007134e+01
1.537022348765367141e+01 2.020401889363551717e+01 -3.649776619237687925e+01 -1.860928039309800752e+01 4.499074140634365726e+00 -1.305241343078188976e+01 -3.090412463411612265e+01 -2.568828193417853356e+01 5.659976029408061438e-01 -1.083436284665074467e+01 -1.388400467776394187e+01 1.793936708952187331e+01 1.474857187499755184e+01
1.475363771134221480e+01 2.518023868405241572e+01 -3.317652891323166386e+01 -2.380482076139686853e+01 6.159338708966890508e+00 -7.397013965727571083e+00 -3.287193303876146189e+01 -3.545446567483677569e+01 -6.574713660657673486e+00 -1.324082168336423448e+00 -1.001267541632472735e+01 6.262171906575368041e+00 1.704391596290831146e+01
1.423534292750916208e+01 3.113688931366528223e+01 -3.878987201560896381e+01 -2.754496642376249937e+01 6.139614302455183470e+00 -2.086726648632465952e+01 -2.129100762167850647e+01 -3.198626422695238958e+01 -1.928267837958283337e+01 -9.899196580973415038e+00 -1.521815426352785217e+00 1.378832827516375126e+01 1.005359320846358884e+01
1.395919679912953981e+01 3.058382015334599657e+01 -3.675083877703814750e+01 -2.717203568448194417e+01 7.002747616852750490e+00 -1.419203109803713581e+01 -2.394037214754101228e+01 -2.288358434686492515e+01 -1.195551381397781121e+01 -1.733870374445908169e+01 -1.262670278849765104e+01 1.543053780087404014e+01 2.112804438187818690e+01
1.331157300076706385e+01 2.728932876564500631e+01 -2.504125105546736663e+01 -2.548341711570587975e+01 7.821621711953188338e-01 -1.952147343725812334e+01 -2.133576524873393154e+01 -1.122758070605687131e+01 -1.562507624997984479e+01 -2.389224043417596377e+01 -5.331269592163625504e+00 1.247189517384580704e+01 2.179082656866701484e+01
1.775962238674945937e+01 3.875772187250383638e+01 -5.751272461391436508e+01 4.642501471007404845e+00 -2.314387653212266471e+00 -7.257965403896905698e+00 -2.714667690041744574e+00 -2.810433279590105471e+01 -3.012265230374084446e+00 -1.349603970901937089e+01 2.824086717907786426e+00 2.031729130410587203e+01 1.426630072452017117e+01
1.686240908427048879e+01 2.317163237812677679e+01 -3.769808162619003866e+01 -2.495879712358746261e+01 7.951702162711842270e+00 -3.132922199069127167e+00 -1.623202659721447816e+01 -1.292157784546047949e+01 -8.004569190286849434e+00 -1.433523288467699430e+01 -3.844747420988932518e+00 1.849323226949636378e+01 2.237114693869965620e+01
1.555339095065054877e+01 2.647020711862045772e+01 -3.485373325179369886e+01 -2.531650553823444483e+01 -4.579510225105663856e+00 -1.118858171576188276e+01 -1.021169807554510456e+01 -1.716865511756966711e+01 -1.609145646388083861e+01 -1.560159239742439219e+01 -1.175564547532727211e+01 1.449785271295483469e+01 2.528988420494789224e+01
1.828969603578340752e+01 1.861266842538854505e+01 -4.958043321685855176e+01 2.383486765585907108e+01 -2.103762045061211694e+01 -1.688659139543652188e+01 -5.807780303285326795e+00 -3.497874107980925906e+00 9.757450002410035239e+00 -1.080844499686426730e+01 -7.610626162544550155e+00 -5.014915389394786871e+00 3.603398299465873755e+00
1.766066296078087916e+01 1.864990192446726880e+01 -3.692057300876681580e+01 -1.098145309111890988e+01 -6.037892460136985662e+00 -3.376677224725688831e+01 -1.900377718324372367e+01 4.830226130714222244e+00 1.685595622897958279e+01 6.759806889093197491e+00 -1.537087982157605559e+01 -6.468113331351291961e+00 2.640189615205772711e+01
1.685197529954700713e+01 2.081336379352492116e+01 -4.181667644748809920e+01 -1.402581224667818383e+01 -7.597446363483634890e+00 -2.827524370972485457e+01 -1.111589052376281295e+01 -7.072192095490471786e+00 9.565365361761998031e+00 2.016677219373806906e+01 -1.832945815469170014e+01 -2.154313481555639598e+01 2.147868364232209970e+01
1.878242804402527710e+01 1.540209889590222048e+01 -5.119217918533570355e+01 -8.645384031468544839e-01 -1.592495649322954421e+01 -1.706533084470617112e+01 8.985939731805673958e+00 -1.644537006217645825e+01 2.428085783900013173e+00 1.497987995569322628e+01 -5.283752026190145834e+00 2.860574232655032745e+00 1.302569022640583896e+01
1.739584269954627516e+01 2.903822219635356916e+01 -5.454611878833113536e+01 3.868576319042898337e+00 -1.516069185227202176e+01 -1.442624086293121799e+01 1.449619522431919982e+01 -1.025594916408470958e+01 -6.200975352858598910e+00 5.875532373907446093e+00 9.246375658529627728e+00 2.360269214144393501e+00 1.143006427575571671e+01
1.645176721927353825e+01 1.327231134217826636e+01 -3.820253877621082239e+01 -1.819559405148025988e+01 -1.385570400017963699e+01 -1.155767701102110401e+01 8.951044621619788089e+00 -1.726347200574351248e+01 -4.140310690721953790e+00 2.500275126678804583e+01 -1.799641113975699147e+00 -6.922228381339077252e-01 2.261867252538638340e+01
1.922127386702460328e+01 2.083066730367506025e+01 -3.320369004706934390e+01 -4.046378622643119982e+00 -3.317753416523500221e+01 -3.449848340702902050e+01 4.746588141461542953e+00 5.529061592404848291e+00 8.484420420994824852e+00 7.045904483472747337e+00 2.243876586324791944e+01 1.567629110475841614e+01 -1.330522708955171218e+01
1.839162466977731469e+01 1.984032504040069966e+01 -1.780858414791563149e+01 -1.992629676142647810e+01 -2.025201866601913991e+01 -2.765211011698350418e+01 -1.115971392463218237e+01 4.610440863490528507e+00 1.251995644207414138e+01 2.098310524995697079e+01 2.112967584670536425e+01 9.802237287666301313e+00 -3.375878950032606518e+00
1.748808967149349414e+01 2.729212910733319575e+01 -1.235378220332101940e+01 -1.749679227375677470e+01 -1.962836590906850631e+01 -2.637127195111763100e+01 -7.458226993415461692e+00 9.984128878785808681e+00 4.824802540303093856e+00 5.593391917122939816e+00 2.735831126309089001e+01 2.254098097392295585e+01 -1.060926475061323337e+01
1.633288157652714645e+01 2.277338253733706352e+01 -2.116852138770231306e+01 -1.854851084583446763e+01 -1.812513954400099436e+01 -3.489989988509433516e+01 -6.602248992508586767e+00 1.904947786559486644e+01 3.948633749442010732e+00 1.987554223732080239e+00 2.580621984027579074e+01 2.379359064926885381e+01 -5.105446051224249437e+00
1.503629445739513137e+01 2.475247592042163802e+01 -1.584307342173226196e+01 -1.413198415434260014e+01 -2.407251485640033195e+01 -3.670928980403901676e+01 1.960999469984011645e+00 8.027172600655557488e+00 -3.766788943983200300e-01 1.904477034436254002e+01 2.807190498891147712e+01 8.995200593738314154e+00 -1.179213532167258727e+01
1.409257612980916186e+01 2.545985661675401701e+01 -1.823382229213729744e+01 -2.427479850424962038e+01 -2.112642514254042325e+01 -2.866970210331009383e+01 3.433896120614705172e+00 6.261355001483893012e+00 -1.789988152757656437e+00 1.531929897486508807e+01 2.340483861791795306e+01 1.081338605771196271e+01 -3.087651103715209011e+00
1.322734648267728375e+01 2.166313503147286212e+01 -1.811781329154627329e+01 -2.668748998644150205e+01 -1.281667893517667700e+01 -2.068557079583652580e+01 -6.449603642268155745e+00 -3.040479029838711322e-01 9.071005713552366956e-01 1.167444139855804686e+01 2.801719351703255256e+01 1.768795196201336850e+01 -6.675537716617069961e+00
1.251920509630856060e+01 1.921894973522181260e+01 -1.348488716233490869e+01 -2.731823706853891665e+01 -1.941678043596770920e+01 -2.369197227657047122e+01 -2.580317392721763969e+00 1.700845512329467235e+00 -4.250765175003661689e+00 2.025785042655576618e+01 3.333916549240118599e+01 4.325782937719901078e+00 -1.209694684493664951e+01
1.235137326719141804e+01 2.083834561553108244e+01 -9.550317781474085166e+00 -2.480514693477714161e+01 -1.697534747858334114e+01 -2.778542665927515642e+01 -1.399339169167663210e-01 -5.755731134412930272e-01 -3.944317309106150748e+00 2.611119859236801588e+01 2.883929899975061062e+01 2.604473041741020567e-02 -6.090851311113002708e+00
1.230768491356723082e+01 2.113976496195905952e+01 -8.574149037901955595e+00 -3.771051634170866151e+01 -2.868491672619757082e+01 -2.698854184242101795e+01 7.708280044486278904e+00 7.704885583534711202e+00 -5.324887018933138094e+00 1.361497028365411666e+01 2.539096979369383433e+01 7.060763571117753656e+00 4.076827435119492193e+00
1.041488361821272690e+01 1.886532758273030197e+01 1.734229124226108976e+00 -3.728509407253154251e+01 -2.348214633632961323e+01 -1.615773577091746560e+01 -4.387647808720650744e+00 4.624714473698638528e+00 7.563784994516782767e+00 1.114292647873640796e+01 1.480591417831835521e+01 1.322879459576319405e+01 8.169464116237056928e+00
8.173474784895688572e+00 5.293949930880881283e+00 2.898494756553156915e+00 -3.717179699926571601e+01 -2.553667207490861202e+01 -1.532963623785938800e+01 -1.104901088226504058e+01 -3.442816980227356272e+00 6.992754871481806411e+00 2.203471580434375454e+01 2.285496462476106672e+01 7.784598131303950730e+00 -2.760224308118423231e+00
5.958340218884735862e+00 -4.561734636741130444e+00 7.505477615677691894e+00 -2.491061363423650121e+01 -1.557383413887050061e+01 -1.307986674053529619e+01 -1.658776117505821901e+01 -8.445868232020174560e+00 1.531214149972393024e+01 2.913446766245033004e+01 2.129364128703957704e+01 6.875254701317482287e+00 -8.273455711251342493e+00
4.999774561627496006e+00 -1.504789106597676884e+01 1.015117746811362487e+01 -1.876780401956331445e+01 -2.198954845812207282e+01 -1.843937255932515384e+01 -9.033856642629203293e+00 -5.831745015994166614e+00 1.483499449186407126e+01 2.639969836840970530e+01 2.799105952464327984e+01 9.114841004512710398e+00 -9.661939343282124781e+00
4.570419252812737199e+00 -2.175265155857095323e+01 2.044072101622051107e+00 -1.263275376587937338e+01 -2.585705836397715984e+01 -1.597151069845510030e+01 -1.359091563711936423e+01 1.892908753905467423e+00 2.055421532234567650e+01 2.434288431865764579e+01 2.894010419530576783e+01 6.281353764876962842e+00 -2.441550260207232093e+00
4.074485194540706345e+00 -2.501751906970611117e+01 -4.991819495003833929e+00 -5.780840765436209061e+00 -1.092539689140943260e+01 -2.159159766149806359e+01 -1.191566024973501925e+01 7.514247925307362408e+00 1.987552246880249385e+01 2.911746136727438028e+01 3.662104156170539682e+01 7.719397491629587549e+00 -1.100078321595261244e+01
3.004130863372707072e+00 -2.430931474843782780e+01 -1.186478748987068066e+00 -3.423026338118984491e+00 -9.365673943834988080e+00 -1.195782641370295885e+01 -8.825442524171796421e+00 -6.302598817492716776e+00 1.671750864464685193e+01 4.398285944381886736e+01 4.316212152750892272e+01 7.179238895853350400e+00 -2.439588674385637290e+01
3.028869705473360430e+00 -2.345503722325649321e+01 -3.678261434859988022e+00 -3.334267984422754072e+00 -5.943317587216576214e+00 -1.148217814959705585e+01 -1.058568179458686132e+01 -6.591566197349919776e+00 1.441104769022194709e+01 3.782198963418682780e+01 3.890737493292132143e+01 9.329879714580616934e+00 -1.857943569100929082e+01
1.879698770032610255e+01 3.952106081622375200e+01 -4.906116018868701190e+01 4.227186193901811606e+00 -1.992315377843123514e+01 -1.270227364861649200e+01 8.022824187398859053e+00 1.085959989920424640e+01 -8.617719462575548661e+00 -5.147016596607169037e-01 -3.068803259639196757e+00 -9.675912617504444313e+00 1.029377249660516647e+01
1.840967474769787060e+01 3.660340119721951879e+01 -3.988983822074145280e+01 -1.895142028362572617e+01 -4.937375917237023515e+00 -2.123160213509971328e+01 -1.431561806753886668e+00 -1.653052300341358638e+00 -6.452436831425138131e+00 -7.354057554758933968e+00 -2.226100992631594977e+01 -8.732877002099014518e+00 8.416118571433692352e+00
1.775488611871996270e+01 3.737857428100745238e+01 -3.270742570450627795e+01 -2.569004470149759811e+01 -7.767018758555176206e+00 -1.997066953401265721e+01 -7.119869511946991913e+00 -2.795470135069914708e+00 -1.241569536288190889e+01 -1.479002828377128687e+01 -1.789393499631747630e+01 -7.706409764686133812e+00 8.145475041995171139e+00
1.843668973785399601e+01 3.433273566019845902e+01 -3.490254029065953034e+01 -1.212623512536079851e+01 -5.725751674305421091e+00 -2.434282926965735072e+01 9.726789186220393901e+00 7.435653688101153236e+00 -6.839786791595334314e+00 5.551593341152019967e+00 -5.342641597444713675e+00 -1.155511342789088935e+01 3.338708820401910859e+00
1.794592207643630388e+01 3.864865405832087220e+01 -3.705175243085722059e+01 -2.293150635426793471e+01 -3.386459089426920865e+00 -2.032179989352020399e+01 -2.640841377223290376e+00 -6.310975030020857801e-01 -6.694705965275186799e+00 -7.459112762626090465e+00 -2.330576963161260906e+01 -1.347314678620189454e+01 6.730546573193380233e+00
1.729073491313991795e+01 4.304697041685990655e+01 -3.460233079636809350e+01 -2.615241922198683255e+01 -5.816596312708631089e+00 -2.014142921375496087e+01 -5.680620391656730384e+00 -1.191619001353241947e+00 -1.364071560718623211e+01 -1.538299427944427755e+01 -1.848771382594748047e+01 -8.959383159024891796e+00 7.220943642601041823e+00
1.861184347706923958e+01 3.425645910681890172e+01 -4.058205689323090581e+01 -5.380973790386793354e+00 -1.087067932249551738e+01 -2.136237669398180117e+01 1.334781282830058480e+01 7.663991103378439362e+00 -5.164629065515423001e+00 3.580267741625202227e+00 -5.223132170631084925e+00 -1.098233100178940447e+01 7.944382338879107053e+00
1.820746615917143529e+01 3.924331600343730031e+01 -4.218275793862669332e+01 -1.790727598307540802e+01 -5.117770484134221753e+00 -2.177899690797099908e+01 1.608141816069482699e+00 -1.636848542011917207e+00 -7.284043598272776698e+00 -6.035955803880406201e+00 -2.527390304981919300e+01 -1.125001002810548023e+01 8.833435282897692531e+00
1.756223905591729562e+01 3.838602634272837122e+01 -3.341033970567167444e+01 -2.547138928173118089e+01 -7.105431827538969181e+00 -1.967198018689445504e+01 -5.718941806170094289e+00 -2.052584280456334564e+00 -1.299759770675267667e+01 -1.552908415891798732e+01 -1.869155409009569624e+01 -8.537194079869131258e+00 8.065096541526143525e+00
1.811052011627586822e+01 3.391035520000739467e+01 -2.747828755251931554e+01 -1.940747773146485855e+01 -5.419366669682297299e+00 -1.965876677053520538e+01 2.808218891439235865e+00 9.619674452147512156e+00 -5.517621114938369153e+00 1.584312864649120911e+00 -1.890009872748109165e+00 -1.064558746406943435e+01 -5.633031168051313986e-02
1.755952386881345362e+01 3.681001038102594691e+01 -2.819119698379429906e+01 -2.891100474332990800e+01 -4.804874815097415208e+00 -1.400626379551899348e+01 -1.021528715894826966e+01 3.512660775012105274e-01 -2.671835309615004039e+00 -1.123649267452728573e+01 -2.060077916529793640e+01 -1.276754912500355310e+01 3.245968621406321031e+00
1.690226898026210733e+01 4.241807999761738301e+01 -2.740881611117447392e+01 -3.074812412459222699e+01 -7.900122011646518061e+00 -1.505680078986512171e+01 -9.369429186453015035e+00 -1.387468392803454575e+00 -1.055087086899005300e+01 -1.741857156889928504e+01 -1.757235266410304675e+01 -7.461393524913681574e+00 5.253329180098772255e+00
1.866143393097404157e+01 2.310291288958692490e+01 -4.714069645825440347e+01 2.133351725758951289e+01 -2.509736326360310343e+01 -4.388181856976242301e+00 -7.508786523725359263e-01 -7.227024155949976603e+00 -9.352419643977146535e+00 -4.845559479204938569e+00 -8.130405008310889414e+00 -1.060113015660782487e+01 6.965800312692079999e+00
1.763366526871229567e+01 3.728114715399559032e+01 -4.852991882425219217e+01 2.202011267539897688e+01 -2.788516577399141028e+01 -8.635774520847702362e+00 4.175728950888501601e+00 -2.779737052970532574e+01 -1.061775781331064827e+01 -1.269255823886253687e+01 -1.105783236970179928e+01 -8.373554692732612992e+00 1.259960199170274686e+00
1.676895316238618605e+01 3.533351067764768771e+01 -3.684729420377949083e+01 9.008453830202689971e+00 -1.886986163136327832e+01 -2.113922104803036461e+01 9.582276229166545534e+00 -2.061291090709169538e+01 -1.615085340885000775e+01 -1.809912905647133030e+01 -8.427582036032243096e+00 -1.227428594600855183e+00 -5.922657490543647540e+00
1.922281191583640236e+01 1.186796993225524766e+01 -3.901045949440032246e+01 1.422003176411807068e+01 -2.176824034867114932e+01 -1.060802334856226459e+01 -9.068757197447844476e+00 -5.905781142142785711e+00 6.952715472727193813e+00 -1.667212731801341974e+01 -2.394967567169172806e+00 -6.819242602437400436e+00 -1.070162360617434416e+01
1.833641814188028007e+01 2.237333426228330424e+01 -3.440381438505392708e+01 -3.484673028875933998e+00 -3.805437223163014693e+00 -2.325624000022712679e+01 -6.461014413080613750e+00 -6.278815439178041302e+00 -7.413300142740340881e+00 -8.556284588117998524e+00 -8.937557649915110147e+00 -5.628126840065117875e+00 -8.249833786748691722e+00
1.727958920511430918e+01 3.279433330680917891e+01 -3.739740168547139376e+01 5.454865776936472344e+00 -8.594166865166833702e+00 -1.202825815846322399e+01 -1.852858529566093093e+00 -2.420963394895101573e+01 1.863853698971206230e+00 2.241111254843443756e+00 -1.528061248246657122e+01 -6.742470979036331968e+00 -9.628945550313414259e+00
1.867377248371341736e+01 2.381760428192619372e+01 -4.649458487131678197e+01 2.330211032063751375e+01 -2.358220816908466944e+01 -3.179614107581592020e+00 -2.434568318592205127e+00 -9.494612324130613956e+00 -1.066126565416336192e+01 -4.646818873813542083e+00 -9.985236912803060250e+00 -1.401357563689676411e+01 3.068057659434882289e+00
1.761606958865769812e+01 3.324211115879955258e+01 -4.558037610849229537e+01 1.586537106644234996e+01 -2.364639969740002812e+01 -1.443375156430313666e+01 4.627980764218616372e+00 -3.059403497699716468e+01 -1.226973352327473599e+01 -1.469456901341617083e+01 -1.492282355976426089e+01 -6.967222872797871780e+00 -2.485283084226408423e-01
1.675798884423958057e+01 3.286755539031066320e+01 -3.353288856850738142e+01 6.328076588260799440e+00 -1.722276430927404789e+01 -2.163820524408675183e+01 9.092143334985372860e+00 -1.870226042524332755e+01 -1.915352551470845555e+01 -1.720816187877658621e+01 -9.251516108869523691e+00 -1.109837355829357497e+00 -6.129897316988882849e+00
1.843166751668689329e+01 3.743024626291417434e+01 -3.978791659504209122e+01 -4.241096928895363050e+00 -1.105695970158289931e+01 -2.198964901804323091e+01 1.426918992392782215e+01 1.543255355874538548e+00 -1.011464468813514728e+01 -3.237124864057010942e+00 -1.053112392174144851e+01 -6.156148781304317197e+00 4.180431695355025568e+00
1.801076516835584229e+01 3.325115906635311092e+01 -3.235659512540218685e+01 -2.405033384111377615e+01 -4.849524098735142452e+00 -1.778443087931355038e+01 -7.116442005289957073e+00 -2.672186004283150784e-01 -5.708438243737478324e+00 -1.209985243113798958e+01 -1.999449561577377921e+01 -7.564523542454399063e+00 6.019487662775419246e+00
1.736447434658056110e+01 4.000191108952597574e+01 -3.272823995183410517e+01 -2.695462196172504221e+01 -8.258915873596571089e+00 -1.962142122716801040e+01 -8.046267022453278628e+00 -3.486340651380978262e+00 -1.272132083692102889e+01 -1.463956925173013701e+01 -1.866624019461485062e+01 -7.571408869069832903e+00 9.225039670611462128e+00
-3.604365338911715355e+01 0.000000000000000000e+00 -3.207631722481915547e-14 0.000000000000000000e+00 2.392679895532167191e-13 0.000000000000000000e+00 -2.059301670267279085e-13 0.000000000000000000e+00 3.072791695244254868e-13 0.000000000000000000e+00 -3.277697551616779395e-13 0.000000000000000000e+00 3.594848034474519512e-13
