1.827616071941792342e+01 2.548883519984494583e+01 -5.219364716581588937e+01 1.134579441168596681e+01 -1.620821212177124604e+00 1.712632931349830079e+00 -7.615361324223848705e+00 -3.357747359976576007e+01 -6.711578112305886634e+00 -1.561689207700728588e+01 1.820053405949731307e+00 2.661273449483380915e+01 2.082639423057236527e+01
1.789674057700526077e+01 1.718377771693245393e+01 -4.174413185712889174e+01 -1.596066659627490480e+01 6.052738179487173298e+00 -1.365251319980798295e+00 -1.180792133879364947e+01 -1.748549512048679233e+01 -5.819207458422947177e+00 -1.746202964355868659e+01 -8.311296828142902271e+00 1.899503313123047477e+01 1.833475582685383642e+01
1.644678534714303453e+01 1.903264692742827435e+01 -3.751948764907978529e+01 -1.725040381685790081e+01 -6.692198368498243788e+00 -9.836359688331404172e+00 -5.939194066745207223e+00 -2.019264047612011126e+01 -1.226504958161610226e+01 -1.632737206692470977e+01 -1.471945779276945032e+01 1.759265181638118136e+01 2.199011640756344832e+01
1.570106631975102829e+01 2.385085750504212498e+01 -4.035880316096779552e+01 -1.160779228611908032e+01 -8.144466458702366574e-02 -1.947663592037877578e+01 -1.831160191450834418e+01 -1.423178215234944766e+01 -3.213230690081561480e+00 -2.663934601433356519e+01 -1.496478171631995657e+01 2.204621551615641550e+01 1.127922648701485997e+01
1.536981514214633293e+01 1.992431892424056628e+01 -3.647548103186123569e+01 -1.870257016803857297e+01 4.229610859204224305e+00 -1.291655891359460817e+01 -3.118302015655199355e+01 -2.562297109537199802e+01 4.234657914093531983e-01 -1.092447169171274979e+01 -1.383128195851836040e+01 1.787623722443940366e+01 1.480817899011247007e+01
1.475407442958730719e+01 2.514379082644331120e+01 -3.313420493630647456e+01 -2.388817265819857383e+01 6.249801211573238646e+00 -7.559098674169956844e+00 -3.281234387919375450e+01 -3.555606649346940884e+01 -6.570644006384148028e+00 -1.136031664512923367e+00 -1.025102517590309681e+01 6.607438004624656358e+00 1.677824303434708852e+01
1.423566569100435686e+01 3.137085945801074871e+01 -3.898069956547296755e+01 -2.741946539993594101e+01 6.327910260120700237e+00 -2.116689364698558151e+01 -2.078386785950320359e+01 -3.242219315016468073e+01 -1.887644120140413406e+01 -1.010013506294841434e+01 -1.548256807051776818e+00 1.408541066692546906e+01 9.575523292967469402e+00
1.395938064375843801e+01 3.062862127924002920e+01 -3.661740073773344051e+01 -2.755883486682191119e+01 7.686164391724057410e+00 -1.500501069521977371e+01 -2.310989582115738372e+01 -2.346638137666950286e+01 -1.185876953183288940e+01 -1.680165687863099677e+01 -1.364698469407015224e+01 1.652925878952722982e+01 2.030934312101782879e+01
1.331200559432469710e+01 2.722167585987491734e+01 -2.502310189926852146e+01 -2.536595654866108163e+01 4.679847999161414474e-01 -1.904693559278359416e+01 -2.189153223870126297e+01 -1.073107547740037404e+01 -1.604848192760292136e+01 -2.349620610605518678e+01 -5.796105289998826571e+00 1.303797527476305440e+01 2.118292974323390254e+01
1.775960076397504039e+01 3.874373851003844749e+01 -5.747031428553972177e+01 4.550555991927601518e+00 -2.157246042176056644e+00 -7.500627317729944288e+00 -2.371023398932454285e+00 -2.855210357688279998e+01 -2.487125458628210328e+00 -1.402460149153506741e+01 3.257214513954788782e+00 2.007796562291478892e+01 1.425054027491547970e+01
1.686241553822813088e+01 2.317114996914904879e+01 -3.769602469871323791e+01 -2.496374997815899377e+01 7.959936428846982714e+00 -3.141974082472180019e+00 -1.622529629864339640e+01 -1.292175225325996024e+01 -8.009486171081336536e+00 -1.433340600632849693e+01 -3.836040843951592727e+00 1.847630825223221862e+01 2.238576677765858136e+01
1.555339296625721879e+01 2.647786334160627675e+01 -3.486514969087699001e+01 -2.530173309270226412e+01 -4.599851911646590352e+00 -1.115645837799601026e+01 -1.025915739436516638e+01 -1.711110079994244870e+01 -1.614261800480289466e+01 -1.557756476432308013e+01 -1.174366154455259093e+01 1.446494481782517383e+01 2.531120095007086945e+01
1.473497877908611109e+01 2.597059181571371766e+01 -3.198564564007793720e+01 -2.205109531054574035e+01 2.532958268605616681e+00 -1.883547718388025061e+01 -2.475521521332744257e+01 -8.097581108781669812e+00 -8.468635611316932099e+00 -2.570368334607795191e+01 -1.019957320048777305e+01 1.715779554647174621e+01 1.519709891972866345e+01
1.432524583142379981e+01 2.807433446177998349e+01 -3.498582064806068104e+01 -2.543508328287114040e+01 6.740960351596512190e+00 -1.375410307679851130e+01 -3.412156310506513535e+01 -2.272715990255596807e+01 -2.462302573128674954e+00 -1.166502068846186368e+01 -1.106553724232826319e+01 1.499745012711720449e+01 1.699992909863027180e+01
1.380493704667684263e+01 3.182086736740808419e+01 -3.036397463336490077e+01 -3.129958001535795376e+01 8.553287155547314669e+00 -7.375997734989735655e+00 -3.597459870741685251e+01 -3.451645791359594995e+01 -6.367670521152598795e+00 -2.532110963236130718e+00 -8.982354240466479567e+00 6.928519693870482499e+00 1.683991940604498083e+01
1.849748021399685527e+01 2.595684038344745304e+01 -5.103747416450010377e+01 1.485809673457849867e+00 -8.575938242494737906e+00 -4.650477824390603310e+00 -1.569650404239886443e+00 -2.461834915925362566e+01 -6.519853627108394889e+00 -1.143020772724434764e+01 -8.813145229249258250e+00 7.800482101258690903e+00 1.378790471982901167e+01
1.781884334845677387e+01 2.398866719873085174e+01 -3.847640374240790351e+01 -1.923906707336217536e+01 3.334670918234397430e+00 3.767782576536747641e+00 -5.723645355762624121e+00 -2.069181587667305067e+01 -1.274949669517294826e+00 -6.555726648233021869e+00 -1.850345085989083671e+01 6.053805301642338321e+00 1.487485851712925466e+01
1.639091382912122796e+01 3.022398368395026580e+01 -4.129634125884128792e+01 -1.568877295472855060e+01 -1.103892265608205747e+01 -1.621485615849523398e+01 3.341448765104357843e+00 -2.194066458263775488e+01 -1.387129973059746391e+01 -5.835828859395310042e-01 -1.698862324876443708e+01 2.691167181585221169e+00 1.709237657129071408e+01
1.879181660051227709e+01 2.473670688855437305e+01 -5.367056092638786424e+01 1.069990376556678768e+01 -9.940057720363039806e+00 7.230964005132912709e-01 -9.115732077721986570e+00 -2.572586487171179925e+01 -4.183476296361085645e+00 -1.529644157880368560e+01 2.919412920216883034e+00 1.731808163864139871e+01 1.481785476160450976e+01
1.790854194719029735e+01 1.820518194338016471e+01 -4.176368021629399863e+01 -1.510846677810547334e+01 5.997819374839816753e+00 -1.809537943722875131e+00 -1.207581469127491580e+01 -1.812607944065535293e+01 -5.955450103583401322e+00 -1.775578810160686061e+01 -8.570132055128507176e+00 1.900756044075329854e+01 1.767288243921769819e+01
1.645623253536452424e+01 1.920863451124473187e+01 -3.705581161607057084e+01 -1.689521107239649211e+01 -6.247817484035384616e+00 -9.487821716211264800e+00 -5.923010315380456525e+00 -2.017213466056082538e+01 -1.220415050600751883e+01 -1.620842457273939985e+01 -1.474385285126907164e+01 1.770361272866043478e+01 2.214691846241079176e+01
1.570594791358720244e+01 2.418810970304440033e+01 -4.034430831589307331e+01 -1.133230890979756822e+01 3.718039574692187932e-01 -1.945492843884284540e+01 -1.778931601742513990e+01 -1.458493854601378636e+01 -3.033204568555117220e+00 -2.682421970100779518e+01 -1.524918279088874407e+01 2.219276427693776199e+01 1.096541983108971863e+01
1.537044855241412122e+01 2.021518028735287587e+01 -3.649776729605802927e+01 -1.849969020101846340e+01 4.413752209459039122e+00 -1.292699480522436417e+01 -3.094458333378510417e+01 -2.573324566548919989e+01 7.024542546846191948e-01 -1.106787023809537729e+01 -1.367992912003319717e+01 1.773989160010391686e+01 1.486385610201743823e+01
1.475409632988472630e+01 2.514075112560294301e+01 -3.312703807105395981e+01 -2.380996288219311907e+01 6.158406352389898863e+00 -7.353692849692372135e+00 -3.296793710756771389e+01 -3.534236224211915101e+01 -6.617808193780566839e+00 -1.382353088556418141e+00 -9.922240345458142485e+00 6.224670752872464519e+00 1.698694644973243584e+01
1.423542947270145298e+01 3.106545382828297974e+01 -3.881282618321160527e+01 -2.729461607334382123e+01 5.623990324748732839e+00 -2.016628129551967064e+01 -2.201373007254932190e+01 -3.146274586646604732e+01 -1.947757206233070448e+01 -1.003314633949764101e+01 -1.186136542586131215e+00 1.345167133646818769e+01 1.019670013647862739e+01
1.395919679912953981e+01 3.058382015334599657e+01 -3.675083877703814750e+01 -2.717203568448194417e+01 7.002747616852750490e+00 -1.419203109803713581e+01 -2.394037214754101228e+01 -2.288358434686492515e+01 -1.195551381397781121e+01 -1.733870374445908169e+01 -1.262670278849765104e+01 1.543053780087404014e+01 2.112804438187818690e+01
1.331157300076706385e+01 2.728932876564500631e+01 -2.504125105546736663e+01 -2.548341711570587975e+01 7.821621711953188338e-01 -1.952147343725812334e+01 -2.133576524873393154e+01 -1.122758070605687131e+01 -1.562507624997984479e+01 -2.389224043417596377e+01 -5.331269592163625504e+00 1.247189517384580704e+01 2.179082656866701484e+01
1.860776643675189135e+01 2.667141151212853245e+01 -2.724050693490714892e+01 -1.348098918659377787e+01 -2.648902298747181305e+01 -4.075261388332447865e+01 2.727875230755605784e+00 1.060643776865588706e+01 4.077442767402305601e-01 8.738711509606167382e+00 2.252411488414144003e+01 1.547840166429155317e+01 -1.256137006714741133e+01
1.784546386976092336e+01 2.087253506193383146e+01 -1.245859258951773363e+01 -2.168335433181551153e+01 -1.962422999391981548e+01 -2.508110700920209268e+01 -1.766773337336946881e+01 3.892509832847610429e+00 1.800325910964272325e+01 1.929349743246724103e+01 1.765309748269245560e+01 1.022904517775271493e+01 -2.313291065473573216e+00
1.684288452726815777e+01 2.791277762542661733e+01 -8.045789327775040078e+00 -2.100087585774093668e+01 -2.062588767687132218e+01 -2.318343941713625966e+01 -1.007855563153285061e+01 8.279411580094569345e+00 7.165867819769671243e+00 6.060523850627935971e+00 2.445018146739604248e+01 2.115777375694483453e+01 -8.707792886581135150e+00
1.561576810108410029e+01 2.160160272316435481e+01 -1.573989938296376501e+01 -2.296385761423006855e+01 -2.230199943884410629e+01 -3.012149267335150782e+01 -8.793986851727366272e+00 1.684503977103913641e+01 6.775743164071837299e+00 1.487913056928122479e+00 2.441003479005534160e+01 2.298789207463174478e+01 -4.821579996514384625e+00
1.431782278312884138e+01 2.769893922250467355e+01 -1.087133958191433081e+01 -1.940009793825842266e+01 -2.344674734794863014e+01 -3.148502656585114323e+01 -4.042433751320534618e+00 9.373898253364050248e+00 2.767335918764773250e+00 1.673508250085087568e+01 2.764117347301033689e+01 8.775881841358113888e+00 -1.198713435605396427e+01
1.336399167711052804e+01 2.493755809096604636e+01 -1.312067920781435859e+01 -2.988779153032868763e+01 -2.460382442458966423e+01 -2.281162307683875667e+01 -1.932755868278078992e+00 5.380392927838533623e+00 2.449827380190062076e+00 1.213054563226907945e+01 2.454278790387663634e+01 1.114225813124045672e+01 -2.655399756146816337e+00
1.249548683793734583e+01 2.349936943220942709e+01 -1.380785786685121330e+01 -2.884557295750011718e+01 -1.590046276686690518e+01 -1.557056736882335279e+01 -8.693991498329012302e+00 -1.224063307967037550e+00 3.276322056925211168e+00 1.179730137848576987e+01 2.728247916506920845e+01 1.696650798865317356e+01 -4.076483495910721011e+00
1.179166033943592140e+01 1.987208005051603266e+01 -1.132268478252728272e+01 -2.966716123447930542e+01 -2.305982418515446852e+01 -1.984632019453643537e+01 -5.615045141772052162e+00 -5.949484128462939614e-01 3.477804642399171975e+00 1.892972582044370000e+01 2.826829305569820150e+01 4.484596128475220489e+00 -6.893343331257921314e+00
1.162602209082395888e+01 2.184753496567111597e+01 -6.536665135390264503e+00 -2.858706052739590575e+01 -2.057008650100686609e+01 -2.215191966168394444e+01 -5.804515307435525351e+00 -2.429863688554372847e-01 2.355060671095105196e+00 2.327898490577213408e+01 2.459103752969857837e+01 4.285336472855701295e+00 -7.322086457138197169e+00
1.879266785108357496e+01 2.502688496343153446e+01 -5.497300490238263393e+01 1.118355658926665797e+01 -1.156314647556702546e+01 1.377361791668816560e+00 -9.228558021683420876e+00 -2.463439018083694876e+01 -3.541560948882993998e+00 -1.408551216871418177e+01 4.033172206594498377e+00 1.729512559604621913e+01 1.522647399130980084e+01
1.789431193016737609e+01 1.733845429295433505e+01 -4.173156284058727294e+01 -1.623618384262246295e+01 5.439648571092958740e+00 -2.262175048108461262e+00 -1.238740889969214898e+01 -1.755428908762674212e+01 -5.110539742640717975e+00 -1.620166610947721608e+01 -7.147606904436132780e+00 1.982513934335462125e+01 1.828342633999915989e+01
1.644545552140797895e+01 1.914090586345454170e+01 -3.757905991120257028e+01 -1.721882388995878799e+01 -6.758201092303132818e+00 -1.002276450574116851e+01 -5.906475295753396360e+00 -2.031388691754654374e+01 -1.209228672188272924e+01 -1.616491783957222594e+01 -1.462047049156155865e+01 1.777137337493806157e+01 2.185883526857680792e+01
1.570147582128320174e+01 2.381990967085286570e+01 -4.026645036161817615e+01 -1.162036721084789370e+01 -2.680756649077708359e-02 -1.934837718425299968e+01 -1.838825191285278748e+01 -1.400012222946011775e+01 -3.463686862072527628e+00 -2.635894279448924493e+01 -1.528962947392168381e+01 2.231468066863858724e+01 1.103876856047464905e+01
1.536975647629049213e+01 1.999717048226528959e+01 -3.651082433801983029e+01 -1.866434959996714937e+01 4.320861715149169058e+00 -1.294099253495906510e+01 -3.101672647072629019e+01 -2.570015745370999127e+01 4.916649484712089513e-01 -1.098378496858143016e+01 -1.390112291518512144e+01 1.790392925908742683e+01 1.476153607168031812e+01
1.475412895747187392e+01 2.517785043066908912e+01 -3.309118390715732261e+01 -2.399437983246283324e+01 6.396853523287575172e+00 -7.549214174737865157e+00 -3.287350826956200223e+01 -3.537273727663326639e+01 -6.714550453004427766e+00 -1.165573108685682424e+00 -1.007931869183387619e+01 6.223453587179999857e+00 1.723132979571918000e+01
1.423582567051030878e+01 3.120661158945544145e+01 -3.882679252673563752e+01 -2.738025067193023077e+01 5.881905205737012921e+00 -2.020453288534991287e+01 -2.219524202231930232e+01 -3.086217153401927149e+01 -2.019323179682454850e+01 -9.320358102361065988e+00 -1.675303713031165653e+00 1.371684554299994474e+01 1.018251385541960907e+01
1.395934905391446712e+01 3.054282020210134618e+01 -3.654196879743040682e+01 -2.755186048285402123e+01 7.477711760791976303e+00 -1.452534023579714528e+01 -2.391364473761274212e+01 -2.253208568706010695e+01 -1.263157388145160098e+01 -1.646358411973789870e+01 -1.340001521665994133e+01 1.592249435733550733e+01 2.101603976815822250e+01
1.331202658739761269e+01 2.736555417178988847e+01 -2.520353676000212317e+01 -2.525946685543237535e+01 4.988146301499903346e-01 -1.928346091465661871e+01 -2.152462214139010044e+01 -1.111327298378417794e+01 -1.576680588329811528e+01 -2.367424135231756566e+01 -5.727772552089940739e+00 1.304373414200108172e+01 2.118062019381941852e+01
1.775959413946605281e+01 3.873259020692893273e+01 -5.746168332409168045e+01 4.554786909313610188e+00 -2.181724119690373165e+00 -7.450773253175231758e+00 -2.446541728005934058e+00 -2.845667075692875514e+01 -2.589886892382938566e+00 -1.393938235758308686e+01 3.215409330644169117e+00 2.005902785116062859e+01 1.433329018111245468e+01
1.686241559493571884e+01 2.317174970259263844e+01 -3.769693119434101902e+01 -2.496260052654617567e+01 7.957629906401682440e+00 -3.137706117054703814e+00 -1.623096195545459253e+01 -1.291731568340565595e+01 -8.011227452302932761e+00 -1.433294164078012756e+01 -3.838454144416697744e+00 1.848171525384510261e+01 2.238046735953376398e+01
1.555339277452301161e+01 2.646899364847960001e+01 -3.485313770487918106e+01 -2.531595849945855292e+01 -4.580487661624963458e+00 -1.118795908809225104e+01 -1.021075954199126024e+01 -1.717142174479766226e+01 -1.608804973515961123e+01 -1.560307209803972128e+01 -1.175807040879692877e+01 1.450335173785757092e+01 2.528631378588345413e+01
1.473497622250600614e+01 2.596811977982228825e+01 -3.198593610640022078e+01 -2.204598721543507267e+01 2.526770575914843775e+00 -1.883441979997822813e+01 -2.475018330857641402e+01 -8.102813379428292606e+00 -8.469489625563694446e+00 -2.569680522434824965e+01 -1.020781310836476941e+01 1.716123903592637134e+01 1.519958535301069702e+01
1.432521832691251262e+01 2.807403990827739904e+01 -3.498566551004186920e+01 -2.543482173269655178e+01 6.741961319784809170e+00 -1.375692655077635074e+01 -3.411700333273690688e+01 -2.273095949039341335e+01 -2.461203180126047219e+00 -1.166438095896002203e+01 -1.106441469822243739e+01 1.499323046992797970e+01 1.700804448036004857e+01
1.380493704667684263e+01 3.182086736740808419e+01 -3.036397463336490077e+01 -3.129958001535795376e+01 8.553287155547314669e+00 -7.375997734989735655e+00 -3.597459870741685251e+01 -3.451645791359594995e+01 -6.367670521152598795e+00 -2.532110963236130718e+00 -8.982354240466479567e+00 6.928519693870482499e+00 1.683991940604498083e+01
1.849748470550687429e+01 2.595981484825642482e+01 -5.104038723368306307e+01 1.486446159518529431e+00 -8.572698330470972294e+00 -4.657413171878375557e+00 -1.560289823207413606e+00 -2.462764932165637788e+01 -6.512503570592405922e+00 -1.143459835695958837e+01 -8.810544420445676650e+00 7.797884396241641092e+00 1.379229294578384035e+01
1.781884432550469910e+01 2.398859586211204942e+01 -3.847679840789658101e+01 -1.923861740498797346e+01 3.334840341007653475e+00 3.766250751608184011e+00 -5.721491439224397624e+00 -2.069408589423089850e+01 -1.273878347634943342e+00 -6.556452780004446090e+00 -1.850383400023476099e+01 6.054824445516802101e+00 1.487329103939688224e+01
1.639092005507348304e+01 3.021951488265959895e+01 -4.128983432714048263e+01 -1.569737931672416131e+01 -1.102858074528454324e+01 -1.622459494689586990e+01 3.347022032673298231e+00 -2.194111444286233947e+01 -1.387467802571742048e+01 -5.785457647269273140e-01 -1.699381191743463049e+01 2.694617428896978417e+00 1.709214827144312565e+01
1.879180899314539488e+01 2.472003677467331428e+01 -5.364650988691735023e+01 1.067423197037842009e+01 -9.916639820717390919e+00 7.090643489204981886e-01 -9.115376710627094425e+00 -2.571135588502288272e+01 -4.213084380970897769e+00 -1.525900654323681316e+01 2.882566305641731663e+00 1.734379812842475133e+01 1.480926682540934713e+01
1.790854205281718947e+01 1.820691512889681007e+01 -4.176502927556352773e+01 -1.510972674883123368e+01 6.003054040386418322e+00 -1.816615260736375914e+00 -1.207046207090296086e+01 -1.812556738676109092e+01 -5.961768638539603593e+00 -1.774601144051660739e+01 -8.579617245054826924e+00 1.901319359386377172e+01 1.767261926037648223e+01
1.645622997843143054e+01 1.920904217607352749e+01 -3.705643756774292541e+01 -1.689482419671599445e+01 -6.247543783502826464e+00 -9.487833546797096673e+00 -5.923561041895249346e+00 -2.017133508124108943e+01 -1.220445594900308528e+01 -1.620729252127310716e+01 -1.474623465516577703e+01 1.770883536943543035e+01 2.214217988494914380e+01
1.570593728267601108e+01 2.419030308240144223e+01 -4.034756909287929716e+01 -1.132785001583242490e+01 3.654605476712597389e-01 -1.944964563467308594e+01 -1.779141529809715294e+01 -1.458851163731889500e+01 -3.025270487709652567e+00 -2.683069507674482779e+01 -1.524806843421398383e+01 2.219752164942139672e+01 1.096048781210962275e+01
1.537044192253515895e+01 2.021345844225749389e+01 -3.649626289451900618e+01 -1.850005600440954723e+01 4.412796719582728677e+00 -1.292477997898746267e+01 -3.094769517787404922e+01 -2.573001113232033887e+01 7.001193344168540333e-01 -1.106892329562161059e+01 -1.367574098620590028e+01 1.773658011130937240e+01 1.486322084508611141e+01
1.475409632988472630e+01 2.514075112560294301e+01 -3.312703807105395981e+01 -2.380996288219311907e+01 6.158406352389898863e+00 -7.353692849692372135e+00 -3.296793710756771389e+01 -3.534236224211915101e+01 -6.617808193780566839e+00 -1.382353088556418141e+00 -9.922240345458142485e+00 6.224670752872464519e+00 1.698694644973243584e+01
1.423542933495627771e+01 3.109283975036967718e+01 -3.883500540763268560e+01 -2.730685953055492377e+01 5.688170017952494106e+00 -2.027475748219285379e+01 -2.189932880696482442e+01 -3.153272337751076648e+01 -1.949091151477145445e+01 -9.928560519746691071e+00 -1.355118642231341708e+00 1.363721489716486346e+01 1.003434895970973706e+01
1.395919679912953981e+01 3.058382015334599657e+01 -3.675083877703814750e+01 -2.717203568448194417e+01 7.002747616852750490e+00 -1.419203109803713581e+01 -2.394037214754101228e+01 -2.288358434686492515e+01 -1.195551381397781121e+01 -1.733870374445908169e+01 -1.262670278849765104e+01 1.543053780087404014e+01 2.112804438187818690e+01
1.331157300076706385e+01 2.728932876564500631e+01 -2.504125105546736663e+01 -2.548341711570587975e+01 7.821621711953188338e-01 -1.952147343725812334e+01 -2.133576524873393154e+01 -1.122758070605687131e+01 -1.562507624997984479e+01 -2.389224043417596377e+01 -5.331269592163625504e+00 1.247189517384580704e+01 2.179082656866701484e+01
1.860777111428499708e+01 2.667334950703067165e+01 -2.724140480192363611e+01 -1.348166679665454737e+01 -2.648701607398958657e+01 -4.075224985609719397e+01 2.723060864317701224e+00 1.061721282530177746e+01 3.950170222106769713e-01 8.746130560096146311e+00 2.252516708295657466e+01 1.547211771517989831e+01 -1.255711622846619413e+01
1.784546038066569551e+01 2.087253613277658815e+01 -1.245743876524713833e+01 -2.168444646806509724e+01 -1.962526506187452924e+01 -2.507847593208117232e+01 -1.766864517545776891e+01 3.889720065839824770e+00 1.800670656165772598e+01 1.929328577998979100e+01 1.765185214019042448e+01 1.022905950163496591e+01 -2.311443735692525259e+00
1.684288578570417272e+01 2.791256275066882964e+01 -8.046715861194302377e+00 -2.099885216571156477e+01 -2.062643955293830444e+01 -2.318639753118600311e+01 -1.007358724187965926e+01 8.275101261056681423e+00 7.168607914113457547e+00 6.058812775928457128e+00 2.445177088097822704e+01 2.115593841930523666e+01 -8.705821921897877402e+00
1.561576921353795733e+01 2.160157115997285615e+01 -1.573905574741323221e+01 -2.296452482701861442e+01 -2.230181850061249094e+01 -3.012211638424752280e+01 -8.793475971875359676e+00 1.684618072920843446e+01 6.773927949071389953e+00 1.489092029625085356e+00 2.440937827434234819e+01 2.298888343157508274e+01 -4.823109751698560821e+00
1.431782583757165028e+01 2.770879366344516015e+01 -1.088470167884534412e+01 -1.938770207393208622e+01 -2.344913912619349006e+01 -3.150115083041810493e+01 -4.012811989785671329e+00 9.344919232567287182e+00 2.794481219878680811e+00 1.669734831497809679e+01 2.769048696534772702e+01 8.729930164464427378e+00 -1.195490452180983709e+01
1.336399167711052804e+01 2.493755809096604636e+01 -1.312067920781435859e+01 -2.988779153032868763e+01 -2.460382442458966423e+01 -2.281162307683875667e+01 -1.932755868278078992e+00 5.380392927838533623e+00 2.449827380190062076e+00 1.213054563226907945e+01 2.454278790387663634e+01 1.114225813124045672e+01 -2.655399756146816337e+00
1.249547146361047822e+01 2.348672218858322225e+01 -1.378364329046167214e+01 -2.887282222807747090e+01 -1.589062100026590052e+01 -1.555287213127334844e+01 -8.734405139744444213e+00 -1.174021757888830564e+00 3.225759829832569370e+00 1.185391486070301070e+01 2.722059835539511141e+01 1.700413045827536251e+01 -4.093929059421066441e+00
1.179166033943592140e+01 1.987208005051603266e+01 -1.132268478252728272e+01 -2.966716123447930542e+01 -2.305982418515446852e+01 -1.984632019453643537e+01 -5.615045141772052162e+00 -5.949484128462939614e-01 3.477804642399171975e+00 1.892972582044370000e+01 2.826829305569820150e+01 4.484596128475220489e+00 -6.893343331257921314e+00
1.162602209082395888e+01 2.184753496567111597e+01 -6.536665135390264503e+00 -2.858706052739590575e+01 -2.057008650100686609e+01 -2.215191966168394444e+01 -5.804515307435525351e+00 -2.429863688554372847e-01 2.355060671095105196e+00 2.327898490577213408e+01 2.459103752969857837e+01 4.285336472855701295e+00 -7.322086457138197169e+00
1.157857872812213706e+01 2.227980987246469979e+01 -3.674337319922912570e+00 -3.920189826953986056e+01 -3.164180878951698617e+01 -2.099986112423980700e+01 4.082857164405796269e+00 6.288531771231569145e+00 1.651072516441922211e+00 1.080470562188294714e+01 2.142455535036559411e+01 1.091261665485644805e+01 3.875464066905979887e+00
9.690290376545945605e+00 1.616287606731088999e+01 5.830663318630555203e+00 -3.754135086233465302e+01 -2.697647115992781508e+01 -1.478806571423252159e+01 -3.638639313134497844e+00 3.599186800309345902e+00 8.098415421900817535e+00 9.945889447354092638e+00 1.647220021802876389e+01 1.426182622264592226e+01 6.041639348446923741e+00
7.472715224615657625e+00 2.931423882830320959e+00 3.661099095913273871e+00 -3.178553144291951682e+01 -2.746952114062066741e+01 -1.858535173927158723e+01 -7.384509080769737999e+00 -4.602775175453350798e+00 9.474310215495396648e+00 1.887665122168571941e+01 2.338456514603289449e+01 9.664007900089554681e+00 -4.782743127835940022e+00
5.491056650168551378e+00 -8.829641801757432518e+00 1.137839460604116404e+01 -2.135603674313515299e+01 -1.676830756755140328e+01 -1.836882715448096803e+01 -1.277377284971200844e+01 -5.420847374903209115e+00 1.209539687057447566e+01 3.013235997149896050e+01 2.213122205656749486e+01 5.583127880154762579e+00 -7.129357619754857822e+00
4.645213677608007963e+00 -1.991678658278932801e+01 9.432013623587513607e+00 -1.301232828393409413e+01 -2.728927217492345392e+01 -1.959747146164992770e+01 -1.147239164896161157e+01 1.651777488464283072e+00 1.484575856551060191e+01 2.849286000786242568e+01 2.162943478650032603e+01 1.063784598564704886e+01 -7.447579185267517055e+00
4.119096087222707148e+00 -2.395824742066237434e+01 6.120471824486819479e+00 -2.052521891327147241e+00 -2.872993801754545728e+01 -3.280842360681516112e+01 -2.619798751221969813e+00 6.677158931760559746e+00 2.306520808209335982e+01 2.875515551272076564e+01 1.574548117941476555e+01 1.829037590358512233e+01 -5.170581302565775417e+00
1.864289197167135725e+01 4.155671793308254536e+01 -5.076488098609995347e+01 5.174111068802888624e+00 -2.022220829598454017e+01 -1.278784281132983836e+01 8.403798070751829385e+00 1.053988434482305792e+01 -8.374872533444230882e+00 -5.937438435567956585e-01 -3.131044586408974872e+00 -9.448328742947914805e+00 1.009520057026921336e+01
1.825676953412605741e+01 3.613976706899883595e+01 -3.874190870539560194e+01 -2.009305586157866941e+01 -4.623328579741167843e+00 -2.068429945897960920e+01 -2.419929897210698844e+00 -1.014583896821368514e+00 -6.523868958367885718e+00 -7.807102009366177597e+00 -2.188752000067544046e+01 -8.758082894495869297e+00 8.136581140318785543e+00
1.760285034678622296e+01 3.836241468077965067e+01 -3.307877993473826450e+01 -2.583306379677631881e+01 -7.441387376399435816e+00 -2.005578761275315713e+01 -7.196770830303059974e+00 -2.519051121252220415e+00 -1.266967016432503002e+01 -1.449333230659502014e+01 -1.812514017880604555e+01 -7.342719487016388769e+00 7.958420603206036503e+00
1.811663950918978472e+01 3.400657575023752344e+01 -2.735194309883376818e+01 -1.937699870685749914e+01 -5.398086149413172663e+00 -1.990419224867174819e+01 2.480254031901706124e+00 9.328470768240233468e+00 -5.562039283994962169e+00 1.432397960628922773e+00 -1.911046794218042466e+00 -1.067172209754285639e+01 -3.292801523328109381e-01
1.756225806417545598e+01 3.696282864107840993e+01 -2.822391379591969596e+01 -2.897214564158839778e+01 -4.551446021539850229e+00 -1.414796051569146762e+01 -1.000347819922649961e+01 2.223969607731561549e-01 -2.809231109627029266e+00 -1.129326726183395735e+01 -2.089280842073190314e+01 -1.257483561863674026e+01 3.140987011201666235e+00
1.690072203246255000e+01 4.255036524312844648e+01 -2.754106149643536128e+01 -3.076395868823950508e+01 -7.678633888106377370e+00 -1.530921609698517116e+01 -9.019051880173904578e+00 -1.661236450072582249e+00 -1.061017822962929458e+01 -1.740951350004728582e+01 -1.798392310069056776e+01 -7.236144686614928823e+00 5.163377340633263479e+00
1.855943265825849764e+01 2.804379649055109880e+01 -4.966129773748663467e+01 8.268058473158937938e-01 -1.163853585112743794e+01 -8.043525375104540132e+00 -3.454767202412516447e+00 -2.360261699311863381e+01 -3.128246595153355347e+00 -7.475798993590525576e+00 -6.592573027732345103e+00 7.142643837209380564e+00 9.621787218073922787e+00
1.783953190614736783e+01 2.305989698351196182e+01 -3.613417705243720235e+01 -2.101686076274364723e+01 1.830860080912126930e+00 1.776050493088315863e+00 -8.349910415600488633e+00 -1.980193161587456885e+01 -2.924686292631756279e-01 -3.894405263239494097e+00 -1.562129113225303811e+01 6.236592561110859023e+00 1.359855011097184452e+01
1.640416499018254726e+01 3.124686895307409173e+01 -4.200985512403327959e+01 -1.503538647331896350e+01 -1.154935619970175331e+01 -1.663900532307239999e+01 3.615258788155601088e+00 -2.213787921531352154e+01 -1.333192442031944402e+01 7.417503111773564133e-03 -1.646418762364684341e+01 2.996843562724393450e+00 1.659291082392142513e+01
1.558555568468499786e+01 2.958254859716017293e+01 -3.527647626599375030e+01 -1.344307294653547658e+01 -1.765649112341667770e+00 -2.053701375196294521e+01 -1.577142474209301071e+01 -9.780755664618030920e+00 1.565371455479527052e+00 -1.503918630468432660e+01 -2.088843853715479426e+01 7.855676016423112529e+00 1.362965132550010416e+01
1.518710935056069644e+01 2.563437158808728000e+01 -3.087740512977382323e+01 -1.880367142463167696e+01 4.518905385871351044e+00 -4.925107176417801824e+00 -2.325327127216091938e+01 -2.898537493716889202e+01 -8.193161713025045589e-01 -4.928625695789992989e+00 -2.071940097063000508e+01 1.074006436045546664e+01 1.611747115961775378e+01
1.468771711389592838e+01 3.495220802600629639e+01 -3.459251346311540942e+01 -1.847170053967319703e+01 8.388983341718789788e+00 -5.174594596339682440e+00 -1.390097062220875657e+01 -3.856516435146568966e+01 -1.033508429361703840e+01 5.526937703093233623e+00 -1.590597667369404888e+01 1.191076966089576139e+00 1.560850071749709755e+01
1.848869798978919121e+01 2.631642804281172232e+01 -5.160445402301146345e+01 2.214162053142391340e+00 -9.160126142502853952e+00 -4.538210809025512660e+00 -1.132270632059554583e+00 -2.284409215428071960e+01 -3.991590144606445012e+00 -1.023209836222760138e+01 -9.599208580671103164e+00 5.289357782798321139e+00 1.203104193914048636e+01
1.778532367174142337e+01 2.342781852424919009e+01 -3.943885025347322681e+01 -1.888367693132147807e+01 4.041051242662434539e+00 4.659191951139554533e+00 -4.277200217910097635e+00 -1.932714936441621845e+01 -4.354603559301152282e-01 -6.317051825417860478e+00 -1.891214922839895607e+01 5.564039137359183762e+00 1.457338694260809753e+01
1.635403359831617109e+01 3.055887716375062624e+01 -4.240713003997006325e+01 -1.515594188962658073e+01 -1.083099450220666604e+01 -1.539236264291084844e+01 4.553609892817488181e+00 -2.111209821207545190e+01 -1.406568403837858483e+01 -1.417231158990858442e-01 -1.681849938746043804e+01 3.697384547641005437e+00 1.647862145379841792e+01
1.555388739220954442e+01 2.979504042587819157e+01 -3.689654234655900211e+01 -1.342516722426815790e+01 -1.737069977221913364e+00 -2.077387536378899924e+01 -1.446530182180582713e+01 -1.060845004895694110e+01 1.219990982465956053e+00 -1.551940053010753751e+01 -2.173929744375668704e+01 8.662012056887443023e+00 1.362098126779359752e+01
1.517925026901173879e+01 2.526185884737710552e+01 -3.110799923933201327e+01 -1.906431979721565995e+01 4.513873642631433647e+00 -4.961814441610695070e+00 -2.306082655685298377e+01 -2.915189698724636003e+01 -9.147465908592451456e-01 -5.333581313664478074e+00 -2.081042112494057150e+01 1.067075421163141868e+01 1.617422242211062056e+01
1.468831831187245029e+01 3.493576527216144001e+01 -3.470445159301619498e+01 -1.837134905149167707e+01 8.343583554187350870e+00 -5.299930516633798661e+00 -1.346107193651502953e+01 -3.914651818261078375e+01 -9.661977442670648841e+00 5.318014379284733195e+00 -1.582507588279567301e+01 1.557537071295951314e+00 1.518198213006607311e+01
1.420138267927264586e+01 2.838082056404346076e+01 -2.586983934265816387e+01 -2.559086590534262484e+01 1.397355893399412352e+00 1.486280852785636819e+00 -1.444368437617127832e+01 -3.753183080091952917e+01 -2.409814584191234133e+01 -2.484715244037061510e-01 -3.839723342542744611e+00 3.485203774668443000e+00 1.541480898306222258e+01
1.384029614991146317e+01 2.621747418848820033e+01 -2.526595343545392325e+01 -2.846872898986363509e+01 2.278185710691114085e+00 -1.822459298370699310e+00 -1.995677236047487213e+01 -2.499906436103963259e+01 -1.884269751012836736e+01 -1.521124379260485782e+01 -6.946628280374030240e+00 6.294275449956352908e+00 1.228845691501531334e+01
1.353344906588258389e+01 2.520252488753823883e+01 -2.683117787784480512e+01 -3.265168067481533143e+01 -4.647877743932027350e+00 -9.706734090591021769e+00 -2.493327756774196402e+01 -2.703310100638667279e+01 -1.628042104536486789e+01 -1.207900096398804735e+01 -1.521625763506365558e+01 -1.092528132440354183e+00 1.615639427146212626e+01
1.777013538182641028e+01 3.815348878038009417e+01 -5.676346764975108528e+01 3.595836897325557224e+00 -1.840041100570284138e+00 -7.606028384683336085e+00 -3.670836796118571055e+00 -2.739345365560005874e+01 -3.121760291065007298e+00 -1.176003344730086120e+01 2.279187569388664958e+00 2.082348187792181804e+01 1.375686213709890637e+01
1.684534477754404946e+01 2.232961441470619235e+01 -3.813160847294231814e+01 -2.524173788512320016e+01 8.000175148492452593e+00 -2.412830156074744714e+00 -1.603662027002403079e+01 -1.262725822941190934e+01 -7.324704433050415631e+00 -1.299982647417684944e+01 -2.658073989936902581e+00 1.913273810671944375e+01 2.288964939120375419e+01
1.552619126565721430e+01 2.584059921194025833e+01 -3.583005621602349322e+01 -2.589895471328374654e+01 -4.324518248639080298e+00 -1.120021171080408173e+01 -1.014765967917583822e+01 -1.696379395774138743e+01 -1.568972324057352274e+01 -1.572087031092045351e+01 -1.163480147140406729e+01 1.434040462308978192e+01 2.527188499886902306e+01
1.842005012641716988e+01 1.846175586963756032e+01 -4.879212151176372458e+01 2.609968804282959454e+01 -2.805373137298988695e+01 -1.034634233978212592e+01 -9.329716704946173778e+00 4.835083954103205350e+00 3.084100546651092678e+00 -1.485260267387885769e+01 -3.811903953735508388e+00 5.762456936736808366e-01 1.499952220003251391e+01
1.778367739387466884e+01 2.306235411893223031e+01 -4.574709918974125600e+01 -9.197293183349939838e+00 -1.029399861697132579e+01 -2.939761335995685698e+01 -1.354086421316672784e+01 3.884832902957820799e+00 1.357797980432729545e+01 -2.087255899518215330e+00 -1.671123736835254192e+01 4.842607903146676662e+00 3.877436735762324105e+01
1.684854581861357659e+01 1.798178537787719478e+01 -3.945602017720283072e+01 -1.701065805676706688e+01 -8.996719535934154521e+00 -2.430395067112864993e+01 -6.619318763030058506e+00 1.673010439879377254e+00 1.474537391029116051e+01 1.285037422298586840e+01 -2.179295199017554907e+01 -2.491978706996253123e+00 4.743719438520690801e+01
1.523522221566546442e+01 1.951348565966542381e+01 -3.305827714702984821e+01 -2.038488832591258415e+01 -9.463166807076305531e+00 -1.791208532887800331e+01 -2.775834793165723458e+00 -4.163217156200677560e-01 2.054378343810458585e+00 2.851729020158769723e-01 -1.239206850296985074e+01 9.137578064535908595e+00 3.554002568186286481e+01
1.441776084383349144e+01 1.327026660881478648e+01 -4.354468319717179270e+01 -1.398969958130473401e+01 -1.117817850540505908e+01 -2.815863467252693297e+01 4.168434893121660823e-01 -2.663940237665747723e+00 -2.235558942417988693e+00 1.081984635938569639e+01 -1.474728398477690483e+01 -2.791162373139408182e+00 4.133747158381599718e+01
1.442726137751502868e+01 2.448822562291576688e+01 -4.305713562200195099e+01 -1.033481499616519450e+01 -1.051161676705450176e+01 -3.847717663443318514e+01 2.474210495485101902e+01 8.499147040160716315e+00 1.197961807076660445e+00 1.616052065163767537e+01 -2.953742739028732345e+01 -1.933776973418728673e+01 4.045032897529191729e+01
1.415194437986229481e+01 2.558640140036816035e+01 -2.910041577063063301e+01 -1.372009364810392107e+01 -1.834075934570804378e+01 -3.459503761894828955e+01 2.691600403098998484e+01 2.154355343717140059e+01 7.700704359739708238e+00 -5.399600790032915931e+00 -3.210666994892364556e+01 -6.427530842721010274e+00 3.699974147442145522e+01
1.338820775315513956e+01 1.855900193002666398e+01 -3.786536471525801772e+01 -2.321633436102360903e+01 -1.002600748654605134e+01 -2.862075277780340343e+01 2.232245656557085667e+01 1.564703943104874639e+01 -5.361469831509031891e+00 2.998043375361288287e+00 -2.029366189135013343e+01 -5.580326632443484591e+00 4.161602885366115601e+01
1.187220875719471636e+01 9.017504524361214635e+00 -3.821112783093921195e+01 -2.457401095148140158e+01 -1.415996425096250988e+01 -2.154594860277754265e+01 1.358775013374657270e+01 8.985565593955060493e-01 -9.156591923953195433e+00 1.281344650417823194e+00 -1.216661123306425374e+01 1.269668465214814468e+00 3.790662893051388949e+01
9.628591736957629266e+00 8.677271025277892846e+00 -2.895992722166404931e+01 -1.870402578509918357e+01 6.014100340513705234e+00 -3.142247376259464886e+01 4.136890087252195758e-01 8.710438396629969660e+00 -2.532524734422004098e+00 -3.095629195096777586e+00 -7.172607607077990721e+00 1.587722334629584786e+01 3.814047792785633817e+01
1.078061266336618118e+01 7.153165614109433079e+00 -3.254018895884900786e+01 -3.685213019200447349e+01 -1.655493093858470033e+01 -2.023560783335286573e+01 2.483486473782799209e+01 1.892945167439318510e+01 -1.258637877648619785e+01 -3.622393711996907850e+00 1.891727483987936109e+00 1.310517330829211602e+01 2.331544249385655831e+01
1.086837207948521389e+01 8.374244350799216363e+00 -3.175292202524678586e+01 -2.769136756723738202e+01 -8.145261245686478802e+00 -8.490205831588239604e+00 2.927131484274393003e+01 1.610670034470636125e+01 -9.261287925218274708e+00 -5.784478781040340856e+00 -1.596473815904320048e+01 3.377862382480490311e+00 2.952073821889948135e+01
1.019674340283779834e+01 8.752345205816837392e+00 -3.126909793334218080e+01 -3.167143648636476527e+01 -2.722066376582527703e+00 -1.629919648576389690e+01 2.450606107564241398e+01 1.539199691459792341e+01 -5.228645475124780617e+00 2.963903336004355626e+00 -1.072688407478221073e+01 7.262697429581949748e+00 3.685004755172484892e+01
8.576783879820055745e+00 4.744990606371065844e+00 -2.086244461345565071e+01 -3.170798174525533497e+01 -9.163273233216898461e+00 -2.572329426734039615e+01 4.820682361825919138e+00 8.891491103565638099e+00 -4.805460414672478642e+00 -7.582321774356481470e+00 -2.446101063969511991e+00 2.302597519546903015e+01 3.383888873194990055e+01
7.925519011288744586e+00 4.907028589929092632e+00 -1.298733883352597118e+01 -1.844813417796884991e+01 -2.374799095205996302e+00 -1.734499031049632123e+01 4.333891359922966563e-02 -8.805080434664573019e+00 -1.935938763724029954e+01 1.731551228026861455e+00 1.447211766903663133e+01 2.415177265632417303e+01 2.799816512064176166e+01
1.710592162468209310e+01 2.041092889796945187e+01 -3.821222475139757790e+01 4.836955765837131160e+00 -6.486070481943570165e+00 -2.588979573653679012e+01 1.636271830642568093e+00 5.581925195770449655e+00 5.875822419682731557e+00 -7.568185466774560055e+00 -8.857752922215011537e+00 5.003320392151303864e+00 1.004866699530627017e+01
1.690439006271493483e+01 2.718100291592302753e+01 -3.798489726302494063e+01 -1.982223843516981177e+01 -3.123802547071602653e+00 -3.015110290269757698e+01 -1.636167549802377508e+01 9.484477724594780668e+00 1.206869042117234159e+01 -1.510349547530648096e+00 -1.717978694116586169e+01 5.566484911759374654e+00 3.815294913480167338e+01
1.594919342247151484e+01 1.897819126006591972e+01 -3.342578478327268954e+01 -2.555474980699618115e+01 -9.925452947465744913e+00 -1.933958058025459792e+01 -1.166576554208984184e+01 2.242863632019950870e+00 1.837541792480107006e+01 1.012449648236299282e+01 -2.189678705019258231e+01 2.815470612309590948e+00 4.489089817477859867e+01
1.879828134526327332e+01 2.481421591230556700e+01 -5.472580736836621895e+01 1.084783497859421786e+01 -1.114506198759545086e+01 9.755871618035801829e-01 -9.351465383130411979e+00 -2.490330799925383332e+01 -3.396370236367594497e+00 -1.386512744104684458e+01 4.254218126020748336e+00 1.772256715813779238e+01 1.560239935421589053e+01
1.789556445662982398e+01 1.702616682156138594e+01 -4.168097689176627796e+01 -1.622076150680292272e+01 5.840939694988568576e+00 -1.620956881199932642e+00 -1.167142717419599762e+01 -1.731941695217475541e+01 -5.712302287916664945e+00 -1.710120317425175074e+01 -8.228686530877178384e+00 1.904153845404866630e+01 1.860296894286604541e+01
1.644845641329091279e+01 1.911211520096193794e+01 -3.770787657446908980e+01 -1.734413986169204946e+01 -7.072517728330558917e+00 -1.007808583358960597e+01 -6.121593075853255073e+00 -2.017557311086171978e+01 -1.213582999347327451e+01 -1.600045640282394999e+01 -1.455499406923022399e+01 1.779752379244196092e+01 2.208482544499910105e+01
1.570063870175821208e+01 2.386814194212238149e+01 -4.025482226973260680e+01 -1.144123126722402795e+01 9.152365986282538779e-02 -1.924108562470903649e+01 -1.811360728491921535e+01 -1.421338138134292350e+01 -3.105628265636608099e+00 -2.685699213471538016e+01 -1.494545816180884756e+01 2.186227479489007308e+01 1.128421184188189486e+01
1.536941225248162368e+01 1.993393081848411796e+01 -3.652659166982712691e+01 -1.874321849832215392e+01 4.250320205824160702e+00 -1.310153789497956822e+01 -3.114445042519271922e+01 -2.569141607708567676e+01 3.449334918733428790e-01 -1.079978617449322442e+01 -1.385647298946717143e+01 1.786632864339030391e+01 1.487699955310346667e+01
1.475377352924257401e+01 2.527600817422827362e+01 -3.324544707671908839e+01 -2.379483669857784633e+01 6.191761254057182029e+00 -7.392963026175124241e+00 -3.303620815767796870e+01 -3.531979020040118655e+01 -6.658171265226089375e+00 -1.291884260302660792e+00 -9.871258426444384781e+00 6.091082354419521394e+00 1.725000904475730579e+01
1.879693116168160572e+01 2.543945205830676315e+01 -5.481759128142426363e+01 1.139668265720492002e+01 -1.215130427073686725e+01 2.175521188188872801e-01 -1.047730422097753689e+01 -2.490882648593819937e+01 -4.250248088179332306e+00 -1.520177522220061839e+01 3.684534117340171999e+00 1.816920704528025965e+01 1.661837447050999472e+01
1.792806572664152753e+01 1.749891536960517158e+01 -4.141547812931813155e+01 -1.619558850235832281e+01 5.465094590034516031e+00 -2.442115985395112432e+00 -1.258089079564143731e+01 -1.734150307388302537e+01 -6.018549922371456695e+00 -1.830836322429819774e+01 -9.165647930265294008e+00 1.932979130058895834e+01 1.911473799211431412e+01
1.648796463932015044e+01 1.897431030917116956e+01 -3.747711199995295317e+01 -1.796522870441096842e+01 -7.019903811352159906e+00 -1.000067864108570603e+01 -6.349422326934874405e+00 -2.023524593237845437e+01 -1.201844796613148425e+01 -1.620915319471776428e+01 -1.485410503775737112e+01 1.749653032483163884e+01 2.237224009170286365e+01
1.570645698679213886e+01 2.391388946064051524e+01 -4.068094011445839442e+01 -1.189819959947335981e+01 -4.336822552633463612e-01 -1.933994820145177584e+01 -1.816920311699950830e+01 -1.416726254021738285e+01 -3.469838196121914464e+00 -2.674007609856328926e+01 -1.485182707822301573e+01 2.189710808478255544e+01 1.129802133404899500e+01
1.536508835023976438e+01 1.992123833390065002e+01 -3.668472024401640397e+01 -1.892943155440862313e+01 4.173652326490540077e+00 -1.304202477347354261e+01 -3.089918096056285179e+01 -2.579157598583705280e+01 4.304622892528013334e-01 -1.105685697521830058e+01 -1.367087675330439289e+01 1.776173102900739664e+01 1.496220718066764022e+01
1.474973721437519814e+01 2.520526263949267687e+01 -3.326945392422582159e+01 -2.396957886532286608e+01 6.401202982610850079e+00 -7.731038299133211389e+00 -3.262073973563047247e+01 -3.548363949741858647e+01 -6.669867037942868393e+00 -1.062744984897442402e+00 -1.022501155853476895e+01 6.541209736416249143e+00 1.682342413621818977e+01
1.423214203012125445e+01 3.139500088526815702e+01 -3.911958005516954273e+01 -2.724802656791068856e+01 5.910246924448522954e+00 -2.041908651178645329e+01 -2.180215219903210766e+01 -3.132447650489221047e+01 -1.952763912175040062e+01 -1.017223980590701515e+01 -6.132172218403303399e-01 1.250593667254709374e+01 1.132588435283278194e+01
1.395706846365556153e+01 3.046949324161187178e+01 -3.642515527080440307e+01 -2.771203250591092981e+01 7.640730965264509678e+00 -1.461266017589963795e+01 -2.368961170196171295e+01 -2.281109925216696510e+01 -1.217725229519683161e+01 -1.685603674958458953e+01 -1.325417051074645158e+01 1.592393125952846056e+01 2.099929994101299613e+01
1.331027999122817995e+01 2.730024210238454785e+01 -2.503269971211864586e+01 -2.554467645339411064e+01 7.729432167464220793e-01 -1.933161394770890240e+01 -2.171196040161460772e+01 -1.083399768362905924e+01 -1.580857215219339196e+01 -2.390638555698278722e+01 -5.442876621000098503e+00 1.301478742457569382e+01 2.070926191574591613e+01
1.274543790605070726e+01 2.720274384866435824e+01 -2.039117903969194145e+01 -2.146639577370432406e+01 3.062763596528313315e+00 -1.445912505448463570e+01 -1.944101054353946623e+01 -1.532283324704585503e+01 -1.969757658501178099e+01 -2.424223258054892582e+01 -7.531379675098662574e+00 1.785874585614882193e+01 2.484114579969283909e+01
1.110944691560546715e+01 2.433118480474683309e+01 -1.466795890878379005e+01 -2.253438158589266038e+01 1.437208492989590880e+01 -7.601029369172177752e+00 -3.646701860622118829e+01 -2.672789108191261320e+01 -2.975193248229186516e+00 -1.125923380774031202e+01 -1.250973423039006072e+01 1.169187266502110845e+01 2.647592220187590684e+01
9.348265170586348205e+00 1.832162712803168958e+01 -3.955672829671773805e+00 -2.328890340580295515e+01 1.513977935996970103e+01 -1.123425964630236784e+01 -4.529601979899629782e+01 -2.344531790392482051e+01 2.294548610283314805e+00 -1.058255958266151708e+01 -7.359443871289492733e+00 5.506549631594471528e+00 1.207219965333836065e+01
7.746117276506692129e+00 9.514029471292362317e+00 5.325759239602795070e+00 -2.614349317588880695e+01 -2.181349052214244466e+00 -6.000135274699559318e+00 -2.681780600346615984e+01 -3.409617398048887082e+01 -2.204099117008124153e+01 -1.193363000610875346e+01 8.665192240446501160e+00 1.686996689373241409e+01 8.756289939747130546e+00
6.364695432143490983e+00 6.618350004918119867e-01 6.787533676305936403e+00 -2.463965524143127439e+01 -3.682039102622596261e+00 -6.255495651527988699e+00 -2.621598057447123509e+01 -4.249830344940559002e+01 -2.077638883709381545e+01 -1.314748564016117172e+01 -1.297378703275562373e-01 2.062256353212785598e+01 2.668746172901763458e+01
5.257449857008618110e+00 -9.073173341633237854e+00 1.169304023069614829e+01 -1.609029003192237184e+01 -5.870152104972168772e+00 -9.868314748228371514e+00 -2.343587343881944562e+01 -3.248454257063035300e+01 -3.243307572160013308e+01 -1.749348705557368433e+01 7.407115732464223612e+00 2.403797115412776719e+01 2.540084975713839199e+01
4.541805995704091714e+00 -1.800644843163989250e+01 9.274790864356249998e+00 -2.422352638583789020e+00 -1.918421681680997182e+01 -1.389926124804841834e+01 -1.583557462859191034e+01 -2.900756112016895827e+01 -2.190055444357007630e+01 -2.259605063962871085e+01 7.276799935648944562e+00 2.089466469992557407e+01 2.776445499460375999e+01
3.714182435117559411e+00 -1.989658327975942598e+01 -2.796678507212523090e+00 -1.402157934759487301e-01 -9.050479126406332231e-01 -1.402912841336089933e+01 -1.856721736863679340e+01 -2.159324543491848658e+01 -2.173730455864215827e+01 -1.281733419105344929e+01 4.327835755979092980e+00 2.369275108283394715e+01 3.068262385464168673e+01
2.632879774633845038e+00 -1.894742216252959111e+01 -4.509619162912052559e+00 -2.501270292945188434e+00 3.144581196442275406e+00 -1.515260034484196661e+00 -7.357049823893096807e+00 -1.650417679411524929e+01 -1.913652640896621548e+01 -1.420044641278377107e+01 1.852473012591250301e+00 1.942606017784772732e+01 3.116216801636982225e+01
1.879407168943449236e+01 2.508286724070106288e+01 -5.506729111212858641e+01 1.126864819494035608e+01 -1.174153234590948891e+01 1.389827150936273403e+00 -9.402372454135210944e+00 -2.455939844183344078e+01 -3.444500678234537094e+00 -1.390230202915270219e+01 4.246348197942268143e+00 1.735632574488178648e+01 1.538827747285997205e+01
1.789674136876471167e+01 1.718423725498002241e+01 -4.174461993055118825e+01 -1.596064633090742646e+01 6.053804521338519429e+00 -1.367451550301343799e+00 -1.180551518840022851e+01 -1.748673518107676017e+01 -5.819630153384909299e+00 -1.746061213824863856e+01 -8.312658966825063445e+00 1.899534631305591503e+01 1.833497454893275957e+01
1.644678106387855365e+01 1.903228534857834475e+01 -3.751881112733278911e+01 -1.725110223233449958e+01 -6.691555710439147653e+00 -9.836791031150156073e+00 -5.938679374301622182e+00 -2.019361336369773241e+01 -1.226295328638907911e+01 -1.632979010857133417e+01 -1.471778842851017899e+01 1.759281058891165728e+01 2.198875446377101639e+01
1.570106631975102829e+01 2.385085750504212498e+01 -4.035880316096779552e+01 -1.160779228611908032e+01 -8.144466458702366574e-02 -1.947663592037877578e+01 -1.831160191450834418e+01 -1.423178215234944766e+01 -3.213230690081561480e+00 -2.663934601433356519e+01 -1.496478171631995657e+01 2.204621551615641550e+01 1.127922648701485997e+01
1.536981517245080830e+01 1.992441288725688153e+01 -3.647719640308257283e+01 -1.869912220336719244e+01 4.226572926558586296e+00 -1.291614169632713249e+01 -3.118134208944917418e+01 -2.562531310993867706e+01 4.252195662706185209e-01 -1.092650523719824562e+01 -1.382742879157141580e+01 1.787083968382322752e+01 1.481327356652288785e+01
1.475406970558996278e+01 2.514123623629367543e+01 -3.313206938950273894e+01 -2.388778012636893067e+01 6.246664873942021856e+00 -7.554351808061993800e+00 -3.281657457399138167e+01 -3.555424668678361400e+01 -6.570690449632984986e+00 -1.135701512700352023e+00 -1.025357799066144793e+01 6.612008042124358553e+00 1.677415396078490062e+01
1.423566569100435686e+01 3.137085945801074871e+01 -3.898069956547296755e+01 -2.741946539993594101e+01 6.327910260120700237e+00 -2.116689364698558151e+01 -2.078386785950320359e+01 -3.242219315016468073e+01 -1.887644120140413406e+01 -1.010013506294841434e+01 -1.548256807051776818e+00 1.408541066692546906e+01 9.575523292967469402e+00
1.395938064375843801e+01 3.062862127924002920e+01 -3.661740073773344051e+01 -2.755883486682191119e+01 7.686164391724057410e+00 -1.500501069521977371e+01 -2.310989582115738372e+01 -2.346638137666950286e+01 -1.185876953183288940e+01 -1.680165687863099677e+01 -1.364698469407015224e+01 1.652925878952722982e+01 2.030934312101782879e+01
1.331200559432469710e+01 2.722167585987491734e+01 -2.502310189926852146e+01 -2.536595654866108163e+01 4.679847999161414474e-01 -1.904693559278359416e+01 -2.189153223870126297e+01 -1.073107547740037404e+01 -1.604848192760292136e+01 -2.349620610605518678e+01 -5.796105289998826571e+00 1.303797527476305440e+01 2.118292974323390254e+01
1.700722040152819048e+01 2.899179622769277032e+01 -4.776568278705001092e+01 1.402878693877957694e+01 -8.775194996515859103e+00 -2.767338576804381844e+01 -6.580935153618762135e-01 -6.350898018636280895e+00 7.764909978547888336e+00 -7.932738402857011373e+00 -1.206359573875598734e+01 -1.673080530948666489e+00 1.182921943121503672e+00
1.681530883854725289e+01 1.809428205547141033e+01 -2.778428287888480952e+01 -1.866057771095342943e+01 -6.798948431200614984e+00 -2.878660170985395439e+01 -2.502123805860961525e+01 5.556670986415990221e+00 1.929142197349055365e+01 2.737154608557183177e+00 -1.697259148422288533e+01 -3.365595728970897316e+00 2.497108579238113180e+01
1.597394969083234351e+01 2.391414146917803052e+01 -3.261403269897810020e+01 -1.966656634505877221e+01 -4.644918974471969442e+00 -2.185434747350978668e+01 -1.571103644662843024e+01 -4.725131973006664765e+00 1.212549136156644103e+01 1.596185209781514125e+01 -1.926841183015746140e+01 -1.926504813566361918e+01 1.977720136510939497e+01
1.453825567426869014e+01 2.739390199963078842e+01 -3.034964841440424266e+01 -2.368938842122196320e+01 -1.009781441232644106e+01 -2.473042951276585910e+01 -8.134178399813619009e+00 9.115623728647196389e-01 3.233567497063970286e+00 7.472943406924947851e+00 -1.447957279829723909e+01 -6.252435289890661885e+00 3.062857351987274512e+01
1.336757537624580827e+01 2.488396620666728509e+01 -3.780568604960605228e+01 -2.074277552620901588e+01 -9.279462841204796364e-01 -3.038931162332577074e+01 -8.409502489228668054e+00 -1.687404844675084226e+00 -3.915196695743633715e+00 1.372900104514222797e+01 -9.732379337960230359e+00 -1.247637472930101943e+01 2.757654124982132160e+01
1.337152913011584943e+01 1.780430380704074977e+01 -3.482742286575657431e+01 -2.248494917456344311e+01 -1.266820088177755999e+01 -3.438036605169985194e+01 5.974148895131956710e-02 7.629779821446099675e+00 3.362764348619510013e+00 2.038160985394985047e+01 -1.699204340843747474e+01 -3.114063099008140512e+01 2.329133937798543386e+01
1.333485493565208202e+01 2.092595324466318374e+01 -2.212761703704034488e+01 -2.337544117551999534e+01 -1.824862933425008293e+01 -2.833991370894478123e+01 5.220711810790320762e+00 2.194720273967448776e+01 1.238439509279205630e+01 7.367971781727621128e+00 -1.762862500990291892e+01 -2.608004589259250849e+01 1.569637493838704501e+01
1.280270774057641425e+01 1.628467694098706886e+01 -2.585011554666855815e+01 -2.854106542733912733e+01 -2.130187087467046325e+01 -2.407359174025519621e+01 5.529720414552968144e+00 1.371950916021368450e+01 1.188618102199866478e+01 6.284314845685038620e+00 -1.823695079867051660e+01 -1.379800219567254871e+01 2.058177639365179701e+01
1.165851744831605608e+01 1.759894460516005665e+01 -2.575720476362091560e+01 -2.468186945831876500e+01 -1.072368085194945841e+01 -2.300963484923314439e+01 9.132808275187892733e+00 1.021945406494771547e+01 -2.413444396320740815e-01 6.536221771490033916e+00 -1.390133123014170913e+01 -1.486718051702701615e+01 2.266688907321988111e+01
1.841129103354062124e+01 1.899133845014516453e+01 -5.161248578403158405e+01 2.926418202385230671e+01 -3.079180994646250369e+01 -6.648804670138726891e+00 -1.105286664038377964e+01 1.141568462974555587e+01 5.362174150355395241e+00 -1.024078175410128999e+01 -5.289110985608739490e+00 -2.019093304440182368e-01 1.297058465370705527e+01
1.777451144105133807e+01 2.339377141349182665e+01 -4.689884203014491959e+01 -8.539371654967276015e+00 -1.137704322885632635e+01 -2.930974554154044753e+01 -1.343143755317443144e+01 4.795716093086687337e+00 1.475772790789579503e+01 -1.510218897329544951e+00 -1.595712123379092517e+01 5.102488737046304124e+00 3.937373970036163229e+01
1.684730910380861957e+01 1.783525720468595210e+01 -3.918879535361849520e+01 -1.683003258353734566e+01 -8.555006730499789214e+00 -2.390193151065469834e+01 -6.116338347787785068e+00 2.342106925940521833e+00 1.517075375842704510e+01 1.279836598369080569e+01 -2.199524069992168052e+01 -2.834542058131656717e+00 4.702432440971871586e+01
1.523607717478176937e+01 1.952663152026790527e+01 -3.329952577532306179e+01 -2.042890436225486539e+01 -9.438355688454867831e+00 -1.805031266527250011e+01 -2.684323309643913635e+00 -5.548645218004816249e-01 2.029055359254407609e+00 4.085083085335171060e-01 -1.216496359255815918e+01 9.377693180895915859e+00 3.590728621132114995e+01
1.441633575778113752e+01 1.340945022001334230e+01 -4.368503115860028885e+01 -1.382357090544147304e+01 -1.093424918474517504e+01 -2.808050310539402972e+01 1.086682748553131184e+00 -2.403831262028234494e+00 -1.602338491810811005e+00 1.107672171176830034e+01 -1.474058474041497924e+01 -2.757361621053233236e+00 4.082034295394569057e+01
1.442745147585054610e+01 2.422535401381780673e+01 -4.296439039119804448e+01 -1.046336005124079804e+01 -1.082194869028429984e+01 -3.809781604229791441e+01 2.420563368081815625e+01 8.979469127558679986e+00 1.125147708113716671e+00 1.607106893678742665e+01 -2.893115280180472482e+01 -1.986793709719654188e+01 4.108846383307150063e+01
1.415205731244074272e+01 2.582569312233303194e+01 -2.932743515009141433e+01 -1.326665593417699540e+01 -1.878636395687840377e+01 -3.404128779578792319e+01 2.640621935389424735e+01 2.186448252873816500e+01 7.533633744365209495e+00 -5.720625488927300495e+00 -3.184128722153949198e+01 -6.792148995890404883e+00 3.712259433618594073e+01
1.338809070406412438e+01 1.841606750886602484e+01 -3.793851002246226756e+01 -2.308555053166113069e+01 -1.036330833864984058e+01 -2.843328475057785454e+01 2.223185944440770712e+01 1.558191002123300528e+01 -5.237048812502345996e+00 3.115331063797269984e+00 -2.059843729371942089e+01 -4.750891232630941374e+00 4.047162875931068982e+01
1.187263287484973695e+01 9.117292196710366170e+00 -3.830112184159568756e+01 -2.453809632999001522e+01 -1.418782113554193991e+01 -2.122329803127587411e+01 1.291859646476417112e+01 2.105770863705130225e+00 -1.033268050029312235e+01 2.421523270480244072e+00 -1.286711799873224038e+01 1.644896365434462382e+00 3.775670400487179990e+01
1.859913928080673529e+01 2.654554298713463822e+01 -2.745313209013923483e+01 -1.304877951956382454e+01 -2.563816159266755790e+01 -4.047321396688850115e+01 3.414722174335140803e+00 1.213708259749644824e+01 2.592289976269091856e+00 9.680226338122029262e+00 2.169213444088562781e+01 1.506893152902096489e+01 -1.360555421784011543e+01
1.784100854221342303e+01 2.097423896477405947e+01 -1.207292643306093183e+01 -2.203278432389101127e+01 -2.103320623594487415e+01 -2.507111432612222757e+01 -1.565846190442220198e+01 4.593996221942195923e+00 1.684574358889678081e+01 1.949040538219288621e+01 1.943995982892487717e+01 1.025209127326019143e+01 -3.545739117997100287e+00
1.684264975137661935e+01 2.779199596745574041e+01 -7.842679357971976906e+00 -2.125697219888668599e+01 -2.180872897499125784e+01 -2.363689852739208064e+01 -8.565629289200341390e+00 8.678118640025719088e+00 6.044574852712285562e+00 6.883520084728645294e+00 2.598906041363832387e+01 2.148953486933109502e+01 -9.476894662368300359e+00
1.561543816731261813e+01 2.153992268899682472e+01 -1.599645918029364999e+01 -2.312805824873963800e+01 -2.230949791172768926e+01 -3.035605457288991005e+01 -8.521577156613910020e+00 1.708330656050105389e+01 7.167270118867955730e+00 2.039352059699229169e+00 2.474520343569470526e+01 2.330247048104493857e+01 -4.750156779467203272e+00
1.431718316443187966e+01 2.767946867700127456e+01 -1.071180856971542461e+01 -1.942579356849171646e+01 -2.319961498398833299e+01 -3.148000208891846441e+01 -3.841612911038526867e+00 9.081410037382690703e+00 3.559748850199452530e+00 1.610790071322597683e+01 2.845448779173015552e+01 7.858117858954589252e+00 -1.163459249069075518e+01
1.336206240282806057e+01 2.484876313321254315e+01 -1.315426723123133712e+01 -2.973316276650793100e+01 -2.428779305097333108e+01 -2.269516183606528870e+01 -2.389380705607103916e+00 6.243871308248350793e+00 1.543740395100363205e+00 1.362673994684488221e+01 2.289458520809328945e+01 1.133254950429384245e+01 -2.819128964689013639e+00
1.249543812075167892e+01 2.321206709381361577e+01 -1.314241935929704574e+01 -2.964386455929930264e+01 -1.507070772072955656e+01 -1.594043101780819605e+01 -8.417319517050412259e+00 -1.525082293339895090e+00 3.551798179201935302e+00 1.193352613250347893e+01 2.607608880023601472e+01 1.796893314103935069e+01 -4.953713720875487780e+00
1.179183887035178913e+01 1.975335308201528051e+01 -1.123010518031748184e+01 -2.963313474674288273e+01 -2.341515032276502239e+01 -1.993138761493268163e+01 -5.042509923907224412e+00 -1.033881002558389550e+00 3.079870521033839292e+00 2.014503464918574238e+01 2.694548286482461918e+01 5.460786083643625943e+00 -7.244644752152321843e+00
1.162617915238559441e+01 2.149769942040034820e+01 -6.466638482381609876e+00 -2.831185919828610764e+01 -2.087719913642760261e+01 -2.228393375277734023e+01 -5.224611517534611060e+00 -1.117682671461841304e+00 3.556521348569644747e+00 2.176504756084783665e+01 2.663018535428353673e+01 2.457403541719854534e+00 -6.088342882297602898e+00
1.879266088089100251e+01 2.502777759875782593e+01 -5.497224363600400210e+01 1.117872182847870377e+01 -1.155248437202351930e+01 1.360939293317484422e+00 -9.208561543403931182e+00 -2.465377986164613588e+01 -3.528442121995321479e+00 -1.408715691316227492e+01 4.019969808754218832e+00 1.732390370510833577e+01 1.518428675423909979e+01
1.789430487955384663e+01 1.733844384615619205e+01 -4.173171782691250087e+01 -1.623566840247172749e+01 5.438916622290185465e+00 -2.261014651780685725e+00 -1.238942050903922087e+01 -1.755179447001879822e+01 -5.111973824918918829e+00 -1.620282247521188879e+01 -7.143358587580963537e+00 1.982069967079432260e+01 1.828610547110778839e+01
1.644545552140797895e+01 1.914090586345454170e+01 -3.757905991120257028e+01 -1.721882388995878799e+01 -6.758201092303132818e+00 -1.002276450574116851e+01 -5.906475295753396360e+00 -2.031388691754654374e+01 -1.209228672188272924e+01 -1.616491783957222594e+01 -1.462047049156155865e+01 1.777137337493806157e+01 2.185883526857680792e+01
1.570147582128320174e+01 2.381990967085286570e+01 -4.026645036161817615e+01 -1.162036721084789370e+01 -2.680756649077708359e-02 -1.934837718425299968e+01 -1.838825191285278748e+01 -1.400012222946011775e+01 -3.463686862072527628e+00 -2.635894279448924493e+01 -1.528962947392168381e+01 2.231468066863858724e+01 1.103876856047464905e+01
1.536975647629049213e+01 1.999717048226528959e+01 -3.651082433801983029e+01 -1.866434959996714937e+01 4.320861715149169058e+00 -1.294099253495906510e+01 -3.101672647072629019e+01 -2.570015745370999127e+01 4.916649484712089513e-01 -1.098378496858143016e+01 -1.390112291518512144e+01 1.790392925908742683e+01 1.476153607168031812e+01
1.475412895747187392e+01 2.517785043066908912e+01 -3.309118390715732261e+01 -2.399437983246283324e+01 6.396853523287575172e+00 -7.549214174737865157e+00 -3.287350826956200223e+01 -3.537273727663326639e+01 -6.714550453004427766e+00 -1.165573108685682424e+00 -1.007931869183387619e+01 6.223453587179999857e+00 1.723132979571918000e+01
1.423582567051030878e+01 3.120661158945544145e+01 -3.882679252673563752e+01 -2.738025067193023077e+01 5.881905205737012921e+00 -2.020453288534991287e+01 -2.219524202231930232e+01 -3.086217153401927149e+01 -2.019323179682454850e+01 -9.320358102361065988e+00 -1.675303713031165653e+00 1.371684554299994474e+01 1.018251385541960907e+01
1.395934905391446712e+01 3.054282020210134618e+01 -3.654196879743040682e+01 -2.755186048285402123e+01 7.477711760791976303e+00 -1.452534023579714528e+01 -2.391364473761274212e+01 -2.253208568706010695e+01 -1.263157388145160098e+01 -1.646358411973789870e+01 -1.340001521665994133e+01 1.592249435733550733e+01 2.101603976815822250e+01
1.331202658739761269e+01 2.736555417178988847e+01 -2.520353676000212317e+01 -2.525946685543237535e+01 4.988146301499903346e-01 -1.928346091465661871e+01 -2.152462214139010044e+01 -1.111327298378417794e+01 -1.576680588329811528e+01 -2.367424135231756566e+01 -5.727772552089940739e+00 1.304373414200108172e+01 2.118062019381941852e+01
1.700721586540424468e+01 2.899844392242688684e+01 -4.777126218893637599e+01 1.402667336814954346e+01 -8.758575834949896333e+00 -2.770731818053651452e+01 -6.125665665864912235e-01 -6.395849489870464311e+00 7.795234543833592156e+00 -7.939061617175853236e+00 -1.208282027555896754e+01 -1.632812608493452444e+00 1.132286320572662319e+00
1.681530537936748004e+01 1.809403354562911659e+01 -2.778499923087878187e+01 -1.865930548705972214e+01 -6.799989609859149020e+00 -2.878839215289551134e+01 -2.501678248867472831e+01 5.552011219471876480e+00 1.929300722259001333e+01 2.737370830949524603e+00 -1.697390982870500764e+01 -3.366186324355232351e+00 2.497599243610224917e+01
1.597394959940971582e+01 2.391422339634155492e+01 -3.261542549577966099e+01 -1.966421121257473459e+01 -4.646884058544736185e+00 -2.185400312085470276e+01 -1.571026137949487378e+01 -4.726301466317893052e+00 1.212696352559943413e+01 1.595846733979594667e+01 -1.926294782357162561e+01 -1.927082338777303860e+01 1.978180138257957665e+01
1.453824959803170813e+01 2.739108627012548425e+01 -3.035013422972458130e+01 -2.368488200100505381e+01 -1.010261124239248076e+01 -2.472969965981843643e+01 -8.127798257675701521e+00 8.990484466331397639e-01 3.252485720701266292e+00 7.445998982209975026e+00 -1.444575557166372093e+01 -6.284883207306514841e+00 3.065278204681318641e+01
1.336756627728905755e+01 2.488836026737462603e+01 -3.781415923934064693e+01 -2.072614264255092209e+01 -9.597323283228984536e-01 -3.033807223647607643e+01 -8.478161470246451614e+00 -1.612253975406260142e+00 -3.982842060897864744e+00 1.377587037907960976e+01 -9.759442572540059757e+00 -1.245638191094994696e+01 2.754828851185497385e+01
1.337153211768466754e+01 1.779932466772551081e+01 -3.481793762543418325e+01 -2.249574829841843027e+01 -1.265846895493215385e+01 -3.438744880934440573e+01 6.247030911555417204e-02 7.628415636568980140e+00 3.368450154161884313e+00 2.036739175099897636e+01 -1.696148514192684686e+01 -3.118794955210437081e+01 2.334035052989731440e+01
1.333484835753103326e+01 2.092210976611144702e+01 -2.212396872275143878e+01 -2.338275720961634718e+01 -1.822654727039229527e+01 -2.837948610491369195e+01 5.268330967018248323e+00 2.189773877908397282e+01 1.244214091244467824e+01 7.303283384183663962e+00 -1.757272305085554720e+01 -2.611246935216870924e+01 1.570482513254502699e+01
1.280270774057641425e+01 1.628467694098706886e+01 -2.585011554666855815e+01 -2.854106542733912733e+01 -2.130187087467046325e+01 -2.407359174025519621e+01 5.529720414552968144e+00 1.371950916021368450e+01 1.188618102199866478e+01 6.284314845685038620e+00 -1.823695079867051660e+01 -1.379800219567254871e+01 2.058177639365179701e+01
1.165851744831605608e+01 1.759894460516005665e+01 -2.575720476362091560e+01 -2.468186945831876500e+01 -1.072368085194945841e+01 -2.300963484923314439e+01 9.132808275187892733e+00 1.021945406494771547e+01 -2.413444396320740815e-01 6.536221771490033916e+00 -1.390133123014170913e+01 -1.486718051702701615e+01 2.266688907321988111e+01
1.841129712449688682e+01 1.898901762841108365e+01 -5.160940069608025738e+01 2.926163803957319942e+01 -3.079127835757123322e+01 -6.645654320715197905e+00 -1.106231146179909608e+01 1.143280019276796544e+01 5.338485529033660804e+00 -1.021189208580245555e+01 -5.320841754321828709e+00 -1.711409360413782277e-01 1.294355853764868591e+01
1.777451644828182964e+01 2.339221146821411068e+01 -4.689836338756408196e+01 -8.537206804911447122e+00 -1.138306934420711691e+01 -2.930036244296202241e+01 -1.344321905330784972e+01 4.808638825631572189e+00 1.474482802459382391e+01 -1.497811064981975138e+00 -1.596720982227488328e+01 5.107721635848504249e+00 3.937627981052330739e+01
1.684730910380861957e+01 1.783525720468595210e+01 -3.918879535361849520e+01 -1.683003258353734566e+01 -8.555006730499789214e+00 -2.390193151065469834e+01 -6.116338347787785068e+00 2.342106925940521833e+00 1.517075375842704510e+01 1.279836598369080569e+01 -2.199524069992168052e+01 -2.834542058131656717e+00 4.702432440971871586e+01
1.523607717478176937e+01 1.952663152026790527e+01 -3.329952577532306179e+01 -2.042890436225486539e+01 -9.438355688454867831e+00 -1.805031266527250011e+01 -2.684323309643913635e+00 -5.548645218004816249e-01 2.029055359254407609e+00 4.085083085335171060e-01 -1.216496359255815918e+01 9.377693180895915859e+00 3.590728621132114995e+01
1.441635934885108128e+01 1.341548320712763953e+01 -4.369479666464166456e+01 -1.381121238913656946e+01 -1.094804289078163961e+01 -2.806689771177797255e+01 1.074126712589775545e+00 -2.394051564812240240e+00 -1.609120996803194314e+00 1.108086761633711426e+01 -1.474231821135148124e+01 -2.758971570870579981e+00 4.082344561704324803e+01
1.442745147585054610e+01 2.422535401381780673e+01 -4.296439039119804448e+01 -1.046336005124079804e+01 -1.082194869028429984e+01 -3.809781604229791441e+01 2.420563368081815625e+01 8.979469127558679986e+00 1.125147708113716671e+00 1.607106893678742665e+01 -2.893115280180472482e+01 -1.986793709719654188e+01 4.108846383307150063e+01
1.415205731244074272e+01 2.582569312233303194e+01 -2.932743515009141433e+01 -1.326665593417699540e+01 -1.878636395687840377e+01 -3.404128779578792319e+01 2.640621935389424735e+01 2.186448252873816500e+01 7.533633744365209495e+00 -5.720625488927300495e+00 -3.184128722153949198e+01 -6.792148995890404883e+00 3.712259433618594073e+01
1.338809070406412438e+01 1.841606750886602484e+01 -3.793851002246226756e+01 -2.308555053166113069e+01 -1.036330833864984058e+01 -2.843328475057785454e+01 2.223185944440770712e+01 1.558191002123300528e+01 -5.237048812502345996e+00 3.115331063797269984e+00 -2.059843729371942089e+01 -4.750891232630941374e+00 4.047162875931068982e+01
1.187263287484973695e+01 9.117292196710366170e+00 -3.830112184159568756e+01 -2.453809632999001522e+01 -1.418782113554193991e+01 -2.122329803127587411e+01 1.291859646476417112e+01 2.105770863705130225e+00 -1.033268050029312235e+01 2.421523270480244072e+00 -1.286711799873224038e+01 1.644896365434462382e+00 3.775670400487179990e+01
1.901343913995090062e+01 2.031980047319849447e+01 -2.485643020809899184e+01 -2.574343187056694759e+01 -2.007286042894034139e+01 -2.212446405540315197e+01 -5.085273577951110013e+00 1.488652053201744607e+01 2.420948435343293426e+01 1.902451315651536845e+01 1.136912319755175282e+01 1.538343168577936293e+00 -2.046191412441143598e+01
1.829096037391811791e+01 2.409122370978455763e+01 -1.417749966223567881e+01 -2.729579032860844023e+01 -1.806291078912667203e+01 -1.117404824133298469e+01 -6.492850797114503081e+00 1.999909215679096963e+00 1.665035683622088314e+01 2.692491859797668852e+01 2.164496656544685393e+01 -1.083400173440383973e+00 -2.444521076750798372e+01
1.611082716805007564e+01 2.289371884948100089e+01 -1.741369572400608590e+01 -1.983012065205736363e+01 -1.499420837569902076e+01 -2.538060648577976153e+01 -1.183806812074598369e+01 1.542207151390698350e+01 2.557946783469588681e+01 1.933907572564682908e+01 1.072566053773227779e+01 -9.517031899414554186e-01 -1.948581479428148455e+01
1.404632265501138733e+01 2.286360606357362713e+01 -4.775168265544309065e+01 -2.866099512901099189e+01 5.583621398544160286e+00 -1.266904033248416717e+01 2.449172334696632980e+00 1.180958180218584985e+01 1.292105918764722716e+01 2.237539694918725885e+01 2.692261889982505352e+01 1.077570501657476143e+01 -1.401950792261962064e+01
1.287127448615543912e+01 1.455787327567650280e+01 -4.031885455052874079e+01 -2.255045732292458283e+01 1.181232257196748137e+01 -7.651382189172716508e+00 -1.815289767508475149e+00 4.272409080115080471e+00 -1.039143577729684687e+01 9.166804448914808390e+00 3.807340791725965090e+01 1.081927111137328623e+01 -2.170851137168801870e+01
1.256262443750395086e+01 1.510003797284483618e+01 -4.657589418496375799e+01 -4.341791761102361136e+01 -1.183140420014971994e+00 -1.575704287326125552e+01 1.387074263934467666e+01 1.940212542641865312e+01 2.782598663887529411e-01 2.126848779841428794e+01 4.100629636081573892e+01 9.652165838925297336e+00 -1.746837682469925923e+01
1.317982096653157775e+01 2.347087427596084552e+01 -3.295419064466685910e+01 -4.820050142544305771e+01 -1.370233331653846243e+01 -1.605984620162599441e+01 9.443532167252367771e+00 8.562258590331326857e+00 -5.778403575201587650e+00 1.833262604016457686e+01 3.088002838135350459e+01 1.036300034834628114e+01 -2.124030926803730779e+01
1.272262509509442729e+01 2.349196803836953507e+01 -1.739239439185509184e+01 -3.930985836995193239e+01 -1.903989365561990965e+01 -9.380744605563993588e+00 1.925930431140570942e+00 2.926224466186686968e+00 1.090311727912678208e+01 2.065562873390307175e+01 2.138457490009011508e+01 4.467706232366534636e+00 -1.895296172450528616e+01
1.225942124759578711e+01 2.207354276665597581e+01 -1.117517899350896649e+01 -3.552681404634907381e+01 -2.401744135533345670e+01 -1.243456664978527115e+01 2.791278709136169045e+00 5.865559192445430448e+00 1.156416328181508035e+01 2.122121300198111626e+01 2.001436667980100381e+01 2.841931797888774369e+00 -2.042659231302002354e+01
1.930923497757962082e+01 2.838003861875339240e+01 -4.376773378910404944e+01 1.290691585869793911e+01 -4.602019228618112123e+01 -2.563663206064268607e+01 9.832083752776672014e+00 8.827929403015817300e+00 2.071350191654859785e+01 1.129320089591946630e+00 3.310456335962285834e+01 8.589339424750985330e+00 -2.363205007698270421e+01
1.846776265175051535e+01 1.798044254518764618e+01 -1.820629665635264516e+01 -2.005787761700270977e+01 -2.480779340524894039e+01 -3.272694717487674865e+01 -9.752651591002319265e+00 1.106781949314591706e+01 1.726618225118282623e+01 2.076355392860839189e+01 1.702158608417411401e+01 2.792343710755134545e+00 -9.276443411489436741e+00
1.749515448137195150e+01 2.947297984537721405e+01 -1.337174758597645585e+01 -1.366400897031176953e+01 -2.544827844217786250e+01 -2.991341352911452134e+01 2.657972548537314239e+00 1.424885805368792902e+01 3.389861511788666792e+00 5.050199252395250582e+00 3.118215737931875609e+01 1.868264651258789399e+01 -2.295728868126242261e+01
1.621810328603281093e+01 1.552518004061604273e+01 -2.354831368631822386e+01 -2.139285981367111589e+01 -2.698623276272378391e+01 -4.003976175630941725e+01 -2.935769445257946586e+00 2.298966424768525840e+01 1.156358959961947042e+00 3.016196499163198652e+00 3.163313900230201625e+01 1.773811416536968721e+01 -1.627521597733560554e+01
1.488931767790585425e+01 3.016566319444199706e+01 -2.264609715024255721e+01 -5.728859457301119562e+00 -1.608290839895216706e+01 -4.433996119991065399e+01 2.877512236094195597e+00 1.479471692276696615e+00 1.988938638996560115e+01 3.109695222939996739e+01 5.378450522703340120e+00 1.493583294973298781e+00 -5.745690486374837924e+00
1.394825838126173245e+01 1.651621842777260696e+01 -2.317524432084825747e+01 -3.269239226784380037e+01 -3.329132692891538881e+01 -2.941402684495035658e+01 1.988194458052577607e-01 5.521909808100049916e-02 6.086931943687872604e+00 2.346468967878169209e+01 1.621873493186107495e+01 -2.303260193261073230e+00 1.848673021271564632e-01
1.310598399953750537e+01 2.268507208534442654e+01 -1.993950375951424547e+01 -2.424010327875486226e+01 -7.320931027127503654e+00 -2.446354091922064811e+01 -4.826297781844370860e+00 2.861599046670187274e+00 9.013100886515751142e+00 1.929958595770076712e+01 2.225000691781834661e+01 5.583486612692601270e+00 -5.644851228937202592e+00
1.248401026987963824e+01 2.348284945171070248e+01 -9.966306178128258253e+00 -2.290045645684342901e+01 -1.326787103651242639e+01 -3.009731018251078183e+01 -1.651083354921825785e+00 -5.779812874816069729e-02 1.028646232374630287e+01 3.318200987367325183e+01 1.552483692088983780e+01 -9.974363354367509871e+00 -1.323049266795773421e-02
1.262984460568808842e+01 1.942234077063720221e+01 -1.199709029090465862e+01 -3.172950274012251626e+01 -2.323925653707409822e+01 -2.022088508085590064e+01 4.137825962154228487e-01 2.148643314354562239e+00 7.100275949736629677e+00 2.462741598613911265e+01 2.192047176257304386e+01 -2.542077581553299215e+00 3.218735324795752306e-01
1.860242331966197327e+01 2.636504732404689122e+01 -2.682541622583776686e+01 -1.299100128454808001e+01 -2.606682839192282941e+01 -4.011023945214835607e+01 3.404461306943717513e+00 1.237929514054370550e+01 1.857205640268249969e+00 9.299496515634075422e+00 2.239180868068390851e+01 1.457892208811882639e+01 -1.379426877627271963e+01
1.784761569335507758e+01 2.084049208356617200e+01 -1.199257274030407139e+01 -2.203111784811494189e+01 -2.117639682860445660e+01 -2.499058782860676686e+01 -1.553542447364457857e+01 4.320251461408379789e+00 1.665754810191414848e+01 1.938962798685405176e+01 1.952991609225874470e+01 1.036031161464347683e+01 -3.594287192508393680e+00
1.684546433772073826e+01 2.770000382803268835e+01 -7.707945585528334753e+00 -2.134230994310720320e+01 -2.160847904995284097e+01 -2.347804510193362049e+01 -8.853444116669589192e+00 8.605227315888534179e+00 6.299256264089540203e+00 6.633365820827366477e+00 2.611484191884043327e+01 2.159429818846814442e+01 -9.644362292567629780e+00
1.561768532761426975e+01 2.151660791608383505e+01 -1.598449440972221147e+01 -2.314822594395332089e+01 -2.244791651774614749e+01 -3.027765827306503610e+01 -8.699475302352299266e+00 1.717639422514312386e+01 7.127207999187167076e+00 2.117313140384545100e+00 2.454832412927845198e+01 2.342661338582080788e+01 -4.813412487349470581e+00
1.431977137220710006e+01 2.790513224644778134e+01 -1.087043369417805039e+01 -1.913790372807310547e+01 -2.349345780088785318e+01 -3.120411371537179335e+01 -3.926717530568228920e+00 9.096308483401644551e+00 3.627890098431436172e+00 1.572499048249487430e+01 2.907066614721851749e+01 7.318537412654499086e+00 -1.140436233473364069e+01
1.336377078508862759e+01 2.447501673554366164e+01 -1.283098758096192782e+01 -2.985842949391984646e+01 -2.450119247000593603e+01 -2.275793763515979506e+01 -1.987090851746993181e+00 5.463580357438787338e+00 2.444993816083643079e+00 1.289514346247619336e+01 2.320314022052183489e+01 1.129841189463428996e+01 -2.877661165476582461e+00
1.249639642589834665e+01 2.349627412775205570e+01 -1.356455237372614242e+01 -2.909627178430760353e+01 -1.532517251405481140e+01 -1.608651593707235605e+01 -8.028665397761592715e+00 -1.657474300835827252e+00 3.402012640753838912e+00 1.187134656147705769e+01 2.662749211770575286e+01 1.710142981698461995e+01 -3.978207243244263669e+00
1.179283720791306678e+01 1.943751289712330887e+01 -1.080699188861820303e+01 -3.023162475776679514e+01 -2.302462492830965246e+01 -2.007091777262452936e+01 -5.064456769426542770e+00 -1.169114689594919376e+00 3.423448939024879234e+00 1.986130355084307908e+01 2.693330045017930274e+01 5.887680649209750428e+00 -8.081578734852483237e+00
1.162625231936042702e+01 2.161240477967477247e+01 -6.703229247645897004e+00 -2.801699505567531645e+01 -2.104522959871864884e+01 -2.237320436676715119e+01 -5.049291109915154507e+00 -9.703571195917977121e-01 2.984797114462527823e+00 2.254488570953651205e+01 2.590031655857571735e+01 3.085456937831541069e+00 -6.696793392997521188e+00
1.877556973699494591e+01 1.545116885174892296e+01 -5.236900568979226733e+01 5.427796965896166670e-01 -1.604450051271381383e+01 -1.628439028905614805e+01 8.970947851848249499e+00 -1.632611986944582938e+01 2.859526777347484394e+00 1.469439624873441552e+01 -6.272138167910057405e+00 1.050137735338290135e+00 1.125337359163789941e+01
1.739463391042657747e+01 3.033542523333722585e+01 -5.630529943223118750e+01 5.599156608202679131e+00 -1.773104006976704383e+01 -1.312257151336493521e+01 1.475587144259073291e+01 -9.346068547540061999e+00 -4.985107554652823403e+00 5.798131819933199260e+00 1.183761205190515930e+01 1.788765660134206126e+00 1.107873437152785634e+01
1.645011576015714994e+01 1.290866189103133976e+01 -3.852862088532283735e+01 -1.851905527589284617e+01 -1.419135629312247460e+01 -1.132800141823200590e+01 8.809634886151163968e+00 -1.709605629674532068e+01 -3.905563322172249663e+00 2.553716857895897974e+01 -1.378317166631138013e+00 -1.864209034796176778e-01 2.285921074535227504e+01
1.585543749192455465e+01 1.414382725868313173e+01 -4.206618034686521668e+01 -2.593689247516668317e+01 -1.822797266604185751e+01 -1.275833193253394171e+01 8.254031167166790084e+00 -1.468509533123518729e+01 -3.223353019404342490e+00 2.470014654280425148e+01 1.704401621148061929e+00 1.131920521614907216e+01 3.377318855879896375e+01
1.529645140907643608e+01 3.086976098144626945e+01 -4.539425707295676915e+01 -1.476235604406559432e+01 -8.468700875225499303e+00 -1.574682995164635457e+01 2.191929633888043938e+01 -2.419216358171830805e+01 -1.644463556679627558e+01 2.225458056773585724e+01 2.885815086099192683e+00 2.828831485328148432e+00 2.323028680966406512e+01
1.463277547127392531e+01 2.008677044705481407e+01 -3.471861736403962340e+01 -3.149092553423590246e+01 -2.166206499848257749e+01 -2.056221968679399836e+01 -5.213979572211127067e-01 -1.313187978534869771e+01 -4.893598989651410491e+00 1.985304222483228287e+01 1.086739465806206173e+00 2.372022913900906360e+00 3.110592819746338122e+01
1.396349048249312830e+01 1.522955894053687231e+01 -2.643887327190674696e+01 -2.540824542419519005e+01 -2.934020415148475536e+01 -2.397478556035058972e+01 6.178411313127321058e+00 -1.268082748841363561e+01 -1.610300938210430388e+01 1.966002228879964164e+01 1.285924411528924693e+01 4.630723113667523094e+00 2.212697752640721660e+01
1.333292454074881483e+01 1.999424938610998126e+01 -2.605546767309632727e+01 -3.212423816458157688e+01 -1.833914747453307115e+01 -1.799955223452901620e+01 -9.931024749604858926e+00 -1.714020927730050659e+01 -3.430702061335829445e+00 2.111491207047761165e+01 1.133016952551968082e+01 5.062146394785965953e+00 1.999866318850427405e+01
1.279909193117242339e+01 1.864680327739147003e+01 -2.099752921514765092e+01 -3.056281140005121344e+01 -2.192505824000640757e+01 -2.150987453268949778e+01 -8.933884592020953974e+00 -1.340486526753618612e+01 -2.636486168942976605e+00 1.700233910992026409e+01 5.178099557125272590e+00 6.534276609866132901e+00 2.786522234397027731e+01
1.711811986920129058e+01 2.015116675786384448e+01 -3.768386663942860082e+01 4.428291003957559369e+00 -6.351354400922407883e+00 -2.577542895031369596e+01 1.823246054187357190e+00 5.776990913097910685e+00 5.040049344186178004e+00 -7.706041589256339641e+00 -9.366784842499612296e+00 4.980157515884227060e+00 1.051356246590931498e+01
1.691335351358425143e+01 2.714163840922066839e+01 -3.775672896870908346e+01 -1.989846007577958886e+01 -3.089457635620297182e+00 -3.014848802196558708e+01 -1.611416648848242517e+01 9.308653124764131093e+00 1.163349400341521012e+01 -1.265752100364613497e+00 -1.740520151316819764e+01 5.505465154979630071e+00 3.817951681172205980e+01
1.595245417739658222e+01 1.903595697201064851e+01 -3.328454568190760199e+01 -2.548247864243465699e+01 -9.840090448561802816e+00 -1.937589608533534502e+01 -1.158519319305246853e+01 2.086037868322855982e+00 1.825860971387665543e+01 9.969250257461247600e+00 -2.209295677734573360e+01 2.605323411530936717e+00 4.475635511938205724e+01
1.436012172822144883e+01 2.104706910950878296e+01 -2.968586407293544482e+01 -2.976529917196148389e+01 -1.157806533999323939e+01 -1.494636610165746404e+01 -8.832891068199375084e+00 -1.207343231766517810e+00 3.635988543850894761e+00 -2.017579056367146961e+00 -1.013444922685748750e+01 1.204560906577091295e+01 3.486288378047619574e+01
1.339271465542318573e+01 2.090306938249067414e+01 -4.017585614729864574e+01 -2.141789500658068590e+01 -6.215884009247513831e+00 -2.664371602427054952e+01 -1.990249696670747692e+00 2.602713185677353880e-01 -1.225473621741753227e+00 9.752335808265737427e+00 -1.421284616704675940e+01 -2.330043707249820795e+00 4.020412687113989136e+01
1.355275094415093307e+01 1.920161115321740652e+01 -3.217909781926238111e+01 -2.437884378322950596e+01 -1.435920846531666584e+01 -2.627685954885900088e+01 9.433012199262307718e+00 1.516627127586318124e+01 2.149325724728595954e+00 8.918477892118678696e+00 -2.250057503806253578e+01 -1.709377924045358910e+01 3.831844496016476143e+01
1.334608676947366845e+01 2.337360993200650228e+01 -2.029029811704819153e+01 -2.521411112218637385e+01 -2.009653451999718499e+01 -2.269866631991760286e+01 1.617907222591719218e+01 2.281636585047280263e+01 1.064043137262727079e+01 -9.880956545416859527e+00 -2.818553062079778826e+01 -3.529094135285113509e+00 3.218119804391975691e+01
1.253820481705961321e+01 2.199050543645391187e+01 -2.943678693935702029e+01 -2.842919947605838971e+01 -1.057627754514155072e+01 -2.046709751236398844e+01 1.751630799543517014e+01 1.485227667004310881e+01 9.544139693690566473e-01 -2.536738370130510845e+00 -2.150567344005014903e+01 -5.672974002216937262e-01 3.623531883782578689e+01
1.095266018032175914e+01 1.532405248881297766e+01 -2.904957824654707466e+01 -2.867334837946448545e+01 -9.348486765304263812e+00 -1.349937855312417412e+01 1.177233929248725453e+01 1.861668892765280248e+00 -4.217417719789855468e+00 -1.705662943232977069e+00 -1.332049168553825780e+01 3.900615691471369662e+00 3.257184773361593244e+01
1.828076397117395402e+01 1.712452818016543787e+01 -4.784813236148896465e+01 2.215059403756589163e+01 -1.882268241041948187e+01 -1.845382222310941955e+01 -4.378492389003055152e+00 -3.942790625899285306e+00 1.019770028581657684e+01 -1.079815467044553756e+01 -8.500242535411457467e+00 -4.827409104901105863e+00 3.320358033100228923e+00
1.766198135370876798e+01 1.841552550795315213e+01 -3.651565653968601310e+01 -1.090775412602558703e+01 -5.911886181247276717e+00 -3.358268768088458955e+01 -1.879066642310870705e+01 5.402624538809461363e+00 1.727451716950525196e+01 6.839936891598367374e+00 -1.557747571932685560e+01 -6.435054710553432145e+00 2.669334315935644852e+01
1.685162613020818867e+01 2.059336403079105438e+01 -4.194428618505177297e+01 -1.428164447423355554e+01 -7.761735557291631338e+00 -2.866334670946022101e+01 -1.131592838749115515e+01 -7.284010399870909147e+00 9.429061902043789800e+00 2.025866888902237051e+01 -1.830923197946666647e+01 -2.107248511870393770e+01 2.174094011653533798e+01
1.539207348978380274e+01 2.011002354434553396e+01 -3.498250589077218109e+01 -1.874159688286999526e+01 -1.399274973262359900e+01 -2.897962573841044076e+01 -5.777722852465497105e+00 -1.864148060090448311e+00 1.531732949046041625e+00 8.555764240720984404e+00 -1.468370379268152348e+01 -6.813907665346693676e+00 3.241652493167968885e+01
1.434891298506811808e+01 1.958279696927960956e+01 -4.490232924172057949e+01 -1.334600684561708661e+01 -6.896324102098729369e+00 -3.354803211852507872e+01 -6.220116621661315293e+00 -4.624190391114574084e+00 -4.499453639536917571e+00 1.466993119352038200e+01 -8.284751943274894614e+00 -1.406346684154728877e+01 2.997641999106460986e+01
1.428721432356083731e+01 1.943838826929344066e+01 -4.315377752547782819e+01 -1.247800901417333463e+01 -9.268890321095705431e+00 -4.187517789075255337e+01 9.979962823415688078e+00 6.527375029669935991e+00 -9.621741001704962049e-01 2.788693514887891922e+01 -1.968388939887265465e+01 -3.438925626373644917e+01 2.657759230544664675e+01
1.413711047041110014e+01 1.878924243084844647e+01 -2.965298366958771226e+01 -1.829533929907589140e+01 -1.748964613645941668e+01 -3.661206326816103029e+01 1.064080284904166085e+01 2.238690290405277139e+01 7.176227176714792932e+00 1.373352784996979281e+01 -1.768352497259363432e+01 -2.892071652842583518e+01 1.798260738562024841e+01
1.361458766428160061e+01 1.415567849806153333e+01 -3.323517992927505560e+01 -2.406839580269188161e+01 -2.057148863853844745e+01 -3.296507876691852346e+01 8.311909690598401568e+00 1.640908135679001489e+01 4.500809998880495044e+00 1.067924508682108531e+01 -1.925704684824566471e+01 -1.931663771750195480e+01 2.620622772426176894e+01
1.252636760110776848e+01 2.052324936461340954e+01 -3.427082667962341844e+01 -1.845777886513079125e+01 -3.753403067290189465e+00 -3.574795067377919366e+01 1.769213302066862070e+01 1.357083285483530233e+01 -8.780536490974714781e+00 1.578108654755560813e+01 -1.374308982017350189e+01 -2.133357916792366282e+01 2.866219865736075079e+01
1.698112708231949952e+01 2.921225547378299581e+01 -4.823892365299852969e+01 1.442421953789369837e+01 -8.701576971931586968e+00 -2.646982319536154904e+01 3.324112634786257070e-01 -5.280586622512331019e+00 8.141102311179412965e+00 -8.019212692909098550e+00 -1.283298825255735309e+01 -1.086697936365598860e+00 -4.113095672767454365e-03
1.682278519135008210e+01 1.774922261683245850e+01 -2.755704020603786120e+01 -1.879469655628919256e+01 -6.965905990860793651e+00 -2.845665253225782720e+01 -2.448222386096358960e+01 6.139770925422734393e+00 2.004668646268973475e+01 3.047859655007881585e+00 -1.710453604204863254e+01 -3.689203094924025095e+00 2.408679358182735442e+01
1.598637017549721584e+01 2.376541905593320791e+01 -3.269212121489625389e+01 -1.985433649019342184e+01 -4.918921620604364442e+00 -2.154335078165160766e+01 -1.494055749944456934e+01 -4.499031598984086777e+00 1.234613207366489185e+01 1.644951285300158261e+01 -1.925193141691953258e+01 -1.876433376629619332e+01 1.961808872705481122e+01
1.454931806948430406e+01 2.713048101121110633e+01 -3.052775884408730178e+01 -2.391366733991480942e+01 -1.067785468438147412e+01 -2.479127302530690002e+01 -8.213721357188811467e+00 7.426546465080627879e-01 2.791443442620134441e+00 7.682053240271795147e+00 -1.418649767590025412e+01 -6.051312950606880570e+00 3.100401804753442292e+01
1.336396030092797460e+01 2.499911582921378184e+01 -3.813032159678115818e+01 -2.092097422658514461e+01 -1.019183489181811453e+00 -3.050245165172476192e+01 -8.870399661341195952e+00 -1.421463162570774541e+00 -4.454400587757772811e+00 1.371887401363789039e+01 -9.222118964002460118e+00 -1.268750421845167509e+01 2.859593719178605653e+01
1.337012186706676076e+01 1.801467878236834608e+01 -3.514590710478085356e+01 -2.206974127474670055e+01 -1.304034012901649575e+01 -3.374744688325957753e+01 -1.667334632840635211e-01 8.367345357411945628e+00 3.039604060780658479e+00 2.115784879349742553e+01 -1.724699679654121809e+01 -3.064612231461205738e+01 2.320963422249848307e+01
1.333515228425692278e+01 2.084817112256961380e+01 -2.188633331555793404e+01 -2.365811502997914317e+01 -1.776316931899157225e+01 -2.866095580897162876e+01 5.731562856882082002e+00 2.178518170897032036e+01 1.208053078406332048e+01 8.085473684600984257e+00 -1.859690491950954794e+01 -2.532351272313065849e+01 1.497913058343740467e+01
1.280274315501408822e+01 1.606452863216747318e+01 -2.556618163399403443e+01 -2.865674281049726702e+01 -2.138250580573609483e+01 -2.359766009144989241e+01 4.792082196304443542e+00 1.464433368889457476e+01 1.099210318058843860e+01 6.916834896735723603e+00 -1.855008421347201875e+01 -1.387307069220996603e+01 2.058804339156542795e+01
1.165833859504365400e+01 1.780734320844378260e+01 -2.601664569006197780e+01 -2.444775951946343184e+01 -1.091835531852737340e+01 -2.289497999911554160e+01 9.058121170518178999e+00 1.020059587370944598e+01 -3.326783166278691195e-01 7.077923741702193183e+00 -1.475128700052378328e+01 -1.395552469120639216e+01 2.181447138712368528e+01
1.827678156487247207e+01 1.706568395512664793e+01 -4.777891196811890495e+01 2.230123044768729557e+01 -1.875911366320181983e+01 -1.849261952281323929e+01 -4.431232347469650890e+00 -3.935813142355354177e+00 1.004606621223900653e+01 -1.080924338049527300e+01 -8.482473394170416015e+00 -4.842952699929208293e+00 3.268658323001885968e+00
1.766470542647489239e+01 1.841589886285773403e+01 -3.653095678252151401e+01 -1.094481432841967816e+01 -5.895345644352063097e+00 -3.367419419949190740e+01 -1.881516369169262504e+01 5.382736107279886717e+00 1.724622850613803493e+01 6.908027046650628833e+00 -1.560422585997712197e+01 -6.372837588776155471e+00 2.663050307226023961e+01
1.685224778167361848e+01 2.071920411797577799e+01 -4.199883695176691134e+01 -1.428252485102885494e+01 -7.694892969232721036e+00 -2.867668601703771003e+01 -1.121214233795734749e+01 -7.253648928736486923e+00 9.275544186171256200e+00 2.026091581475929715e+01 -1.832862465881488134e+01 -2.095934887454361117e+01 2.169594945529347640e+01
1.539036563460699902e+01 2.007396864929639335e+01 -3.487623655552338420e+01 -1.887968677938997075e+01 -1.381555816424897820e+01 -2.901113808449005660e+01 -5.736096827309012269e+00 -1.761104236432373016e+00 1.247483095535995012e+00 8.747768394397677838e+00 -1.479224610221931435e+01 -6.636395340303350210e+00 3.234591731918632007e+01
1.434613026931939395e+01 1.940457292746540219e+01 -4.470593868141650518e+01 -1.340525425233046164e+01 -6.887178961905841668e+00 -3.337327740342515625e+01 -6.297725660961740246e+00 -4.621907699026979621e+00 -4.552168591736763581e+00 1.468591792752928527e+01 -8.294923166593113351e+00 -1.399479653452815242e+01 2.995673067506316301e+01
1.428697118323876580e+01 1.956318850549365251e+01 -4.325267747538289598e+01 -1.250972792077242701e+01 -9.093284808928586926e+00 -4.207412437680306283e+01 1.012127949621862477e+01 6.557868422175618939e+00 -1.005542538406873243e+00 2.784447515921816318e+01 -1.949379085511709064e+01 -3.471150263796212698e+01 2.697281470937060277e+01
1.413723701738275906e+01 1.866178006897584751e+01 -2.955628103827227093e+01 -1.829533080135421486e+01 -1.755518078371915180e+01 -3.663305483124012341e+01 1.094489240655749640e+01 2.179306144763581798e+01 7.894566122582317824e+00 1.313163382978388327e+01 -1.741278653189317538e+01 -2.883994200659309826e+01 1.765020508463458171e+01
1.361473355059012214e+01 1.414275913971175491e+01 -3.320731219260588318e+01 -2.410409666439407061e+01 -2.056469200314430168e+01 -3.289035274186753810e+01 8.148601026660713842e+00 1.657918266129781060e+01 4.455401672686253534e+00 1.052846484267443294e+01 -1.892209447285007684e+01 -1.968787958361100010e+01 2.648381155696509026e+01
1.252639873014085481e+01 2.054698620871166881e+01 -3.430896784829738522e+01 -1.839527892255548025e+01 -3.843520707448893070e+00 -3.561695490252814977e+01 1.748662007515447314e+01 1.387597366105157981e+01 -9.167101309922189856e+00 1.619439904947794062e+01 -1.409811452157820710e+01 -2.115214759482262252e+01 2.869264784504787968e+01
1.030299097282647836e+01 1.102836282011841185e+01 -3.068281802873693920e+01 -1.892962284176574173e+01 1.746286399311957616e-01 -3.305390447602938053e+01 2.844549746647237476e-01 4.568755833393816523e+00 -1.034827462518183339e+01 7.436778078023619898e+00 -5.734473611703503337e+00 -3.556590667708784181e+00 2.767821067877394370e+01
8.224538305008639583e+00 1.067833382024440780e+00 -1.934129000394341702e+01 -2.954554443571698030e+01 -8.366914339228735287e+00 -2.953088061977571499e+01 -7.179452625568011115e+00 2.575363123876197591e+01 1.991952204661513193e+01 7.504283940805627218e-01 -5.337048122538110562e+00 5.260141825803803073e+00 2.042142833406461477e+01
7.435569937426928178e+00 -2.038457477355286596e+00 -1.238061718012038348e+01 -2.956808652799424308e+01 -1.493781218782168452e+01 -1.163416617699300026e+01 2.007173374444827019e+01 1.646176080787374829e+01 -1.318422693354027064e+00 -7.333321612072254414e-01 -3.839748286937636035e+00 -1.019700887806411238e+01 9.104635312769451261e+00
5.907297712035876280e+00 -9.296626586870369024e+00 -7.132312548408405561e+00 -2.862120697664335722e+01 -1.322938235379820426e+01 -6.081859553958157250e+00 1.196120116581917436e+01 1.014805853132479463e+01 6.091379128044652091e+00 6.965951466414859183e-01 -1.457203747728804899e+01 -6.763790485800819319e+00 1.136899042060425558e+01
4.531845374727272890e+00 -2.149604644672739084e+01 -5.517378303975378095e+00 -2.114061765482024313e+01 -2.015250684510186474e+01 -4.741651389856318843e+00 6.615652058948304770e+00 1.185959691888659151e+01 9.354619209767191634e+00 4.084935660403332669e+00 -1.255780901986929488e+00 1.169236356545155564e+00 8.276909272953611563e+00
2.784705162534904410e+00 -2.036249453865918468e+01 -7.356753756454764037e+00 -9.365554604158342400e+00 -7.072887638026100099e+00 -1.205045562155260086e+01 -1.054509178906287303e+01 -6.397380976199222857e+00 3.226093328433350838e+00 1.043132912589855366e+01 8.374824581538318213e+00 7.652787317139299716e+00 1.513408212554529442e+01
2.784337089346367033e+00 -1.992904840091552998e+01 -6.139208175691357461e+00 -7.467066744361502195e+00 -6.061866916931798244e+00 -1.120974565972387182e+01 -1.249728403040192504e+01 -8.965497216296927974e+00 4.200047866704720967e+00 9.369847738317755415e+00 8.923583392446904128e+00 2.843349602946227073e+00 9.442386375701879331e+00
3.348103082263548913e+00 -2.189278161727340688e+01 -9.929295502218208114e+00 -8.034205907220016485e+00 -2.127889476974513805e+00 -4.198984154169342453e+00 -6.826500047407767724e+00 -9.404974522522783431e+00 1.387244464335847249e+00 1.222559182469110439e+01 1.447563643164941993e+01 5.755386855205204988e+00 8.656371591097670404e+00
3.100399808339701302e+00 -2.084155121967908642e+01 -7.106603551011345665e+00 -6.152443416364628881e+00 -1.076631537552136697e+00 -1.043022238429198545e+01 -1.101458965403520374e+01 -5.162288321721884898e+00 5.503034813891781063e+00 9.761965878508588546e+00 1.471850887706149358e+01 1.503987095407975261e+01 1.250740950277885233e+01
1.879699041481924127e+01 3.949344312554916314e+01 -4.902052972969626410e+01 4.178953087650027598e+00 -1.987312577812174652e+01 -1.275014939423277482e+01 8.067754529669715069e+00 1.081603332147178520e+01 -8.573034659597897900e+00 -5.626429007146453998e-01 -3.016729855586042675e+00 -9.730834570479082402e+00 1.034908569510482401e+01
1.840967474769787060e+01 3.660340119721951879e+01 -3.988983822074145280e+01 -1.895142028362572617e+01 -4.937375917237023515e+00 -2.123160213509971328e+01 -1.431561806753886668e+00 -1.653052300341358638e+00 -6.452436831425138131e+00 -7.354057554758933968e+00 -2.226100992631594977e+01 -8.732877002099014518e+00 8.416118571433692352e+00
1.775488653942571560e+01 3.737937298234275829e+01 -3.270728330905008363e+01 -2.569165285398805310e+01 -7.765367783265749502e+00 -1.997024740752136651e+01 -7.123221410934368336e+00 -2.791062983215924387e+00 -1.241878626593384638e+01 -1.478871183716751148e+01 -1.789608092775345227e+01 -7.701132821749578028e+00 8.137589816398980602e+00
1.843670147574451335e+01 3.431540644092142855e+01 -3.488026000548025252e+01 -1.214608744294515219e+01 -5.719235697825554077e+00 -2.432812895987781943e+01 9.684844981321187873e+00 7.507612716814771936e+00 -6.942512088731928266e+00 5.673939030315844789e+00 -5.460855461980654191e+00 -1.146646987321378575e+01 3.294873575268559840e+00
1.794591732947051455e+01 3.864247079042431920e+01 -3.705468967591958318e+01 -2.291428499006613606e+01 -3.407668289433800624e+00 -2.031214181671844798e+01 -2.635305852258133630e+00 -6.433069126700894369e-01 -6.691451614132296832e+00 -7.442092928355965142e+00 -2.334331282589722889e+01 -1.342990966929911778e+01 6.694982551602981502e+00
1.729073464067804977e+01 4.304651358795276650e+01 -3.460465505010902376e+01 -2.614549673131569563e+01 -5.827394462353646887e+00 -2.012861755642351724e+01 -5.692992156733247100e+00 -1.180333505453329490e+00 -1.365060691318675268e+01 -1.537399014311884571e+01 -1.849658173873195111e+01 -8.950695935785820012e+00 7.210961736618552997e+00
1.861184003390150110e+01 3.426451141519047638e+01 -4.059600206181766424e+01 -5.358591394060325364e+00 -1.090264648267450731e+01 -2.132339795448347530e+01 1.331243150732805880e+01 7.684744553744477180e+00 -5.163624133527758175e+00 3.566454512621904716e+00 -5.218918203325968008e+00 -1.095542778919260130e+01 7.880349468745651897e+00
1.820746378312785296e+01 3.923762200395356103e+01 -4.218125851106535862e+01 -1.789787855788564386e+01 -5.137642169494888833e+00 -2.175310701409058112e+01 1.581854638800416435e+00 -1.609644423638526112e+00 -7.315813510797079644e+00 -5.997818989143206103e+00 -2.531259046066141494e+01 -1.121616527206328229e+01 8.806192201484808635e+00
1.756223274057058248e+01 3.838192202373483752e+01 -3.339995074994291713e+01 -2.548717667886852567e+01 -7.090457063527146886e+00 -1.967834322978679040e+01 -5.722737969267228664e+00 -2.044727128145460870e+00 -1.300205202258271164e+01 -1.552520963591790171e+01 -1.870451613958032766e+01 -8.509580659349950338e+00 8.028618681785212985e+00
1.811053196039752677e+01 3.391214323557905175e+01 -2.747439940442299644e+01 -1.942431785971544045e+01 -5.391439630235468350e+00 -1.968282221789217701e+01 2.807534681831600931e+00 9.656690564674530464e+00 -5.588899835356688328e+00 1.670123947555451682e+00 -1.966842233197441558e+00 -1.059478951272412139e+01 -7.832091475619747112e-02
1.755951856719680038e+01 3.681116021688444562e+01 -2.819003296971488837e+01 -2.891591473763579856e+01 -4.801086236933028495e+00 -1.400034838073610821e+01 -1.023791415604257793e+01 3.836693269872871737e-01 -2.699009410326435709e+00 -1.122380985670280040e+01 -2.060399335580832414e+01 -1.276237413505683804e+01 3.234504634934586953e+00
1.690228424532399032e+01 4.242482839591129107e+01 -2.741442814845439102e+01 -3.074618813062402367e+01 -7.904109314146327669e+00 -1.504622254476628029e+01 -9.384867287285100446e+00 -1.377435576933433659e+00 -1.054825670012439076e+01 -1.743644662827349023e+01 -1.754319594588772091e+01 -7.494615016673803254e+00 5.280706886590958327e+00
-3.604365338911715355e+01 0.000000000000000000e+00 -3.207631722481915547e-14 0.000000000000000000e+00 2.392679895532167191e-13 0.000000000000000000e+00 -2.059301670267279085e-13 0.000000000000000000e+00 3.072791695244254868e-13 0.000000000000000000e+00 -3.277697551616779395e-13 0.000000000000000000e+00 3.594848034474519512e-13
